   0.85050    0.00000    0.00000    2.08350    0.51483
   0.85781    0.00000    0.00000    2.08652    0.51279
   0.86513    0.00000    0.00000    2.08960    0.51074
   0.87244    0.00000    0.00000    2.09273    0.50868
   0.87975    0.00000    0.00000    2.09592    0.50661
   0.88707    0.00000    0.00000    2.09917    0.50453
   0.89438    0.00000    0.00000    2.10247    0.50244
   0.90170    0.00000    0.00000    2.10582    0.50035
   0.90901    0.00000    0.00000    2.10922    0.49825
   0.91632    0.00000    0.00000    2.11267    0.49615
   0.92364    0.00000    0.00000    2.11617    0.49404
   0.93095    0.00000    0.00000    2.11972    0.49192
   0.93826    0.00000    0.00000    2.12332    0.48980
   0.94558    0.00000    0.00000    2.12696    0.48767
   0.95289    0.00000    0.00000    2.13065    0.48554
   0.96020    0.00000    0.00000    2.13437    0.48340
   0.96752    0.00000    0.00000    2.13815    0.48126
   0.97483    0.00000    0.00000    2.14196    0.47912
   0.98215    0.00000    0.00000    2.14581    0.47697
   0.98946    0.00000    0.00000    2.14971    0.47482
   0.99677    0.00000    0.00000    2.15364    0.47267
   1.00409    0.00000    0.00000    2.15760    0.47052
   1.01140    0.00000    0.00000    2.16160    0.46837
   1.01871    0.00000    0.00000    2.16564    0.46621
   1.02603    0.00000    0.00000    2.16971    0.46406
   1.03334    0.00000    0.00000    2.17381    0.46190
   1.04065    0.00000    0.00000    2.17795    0.45974
   1.04797    0.00000    0.00000    2.18211    0.45759
   1.05528    0.00000    0.00000    2.18630    0.45544
   1.06260    0.00000    0.00000    2.19052    0.45328
   1.06991    0.00000    0.00000    2.19477    0.45113
   1.07722    0.00000    0.00000    2.19904    0.44898
   1.08454    0.00000    0.00000    2.20334    0.44684
   1.09185    0.00000    0.00000    2.20766    0.44470
   1.09916    0.00000    0.00000    2.21200    0.44256
   1.10648    0.00000    0.00000    2.21636    0.44042
   1.11379    0.00000    0.00000    2.22075    0.43829
   1.12110    0.00000    0.00000    2.22515    0.43616
   1.12842    0.00000    0.00000    2.22957    0.43404
   1.13573    0.00000    0.00000    2.23400    0.43192
   1.14305    0.00000    0.00000    2.23845    0.42981
   1.15036    0.00000    0.00000    2.24292    0.42771
   1.15767    0.00000    0.00000    2.24740    0.42561
   1.16499    0.00000    0.00000    2.25189    0.42352
   1.17230    0.00000    0.00000    2.25639    0.42143
   1.17961    0.00000    0.00000    2.26090    0.41936
   1.18693    0.00000    0.00000    2.26542    0.41729
   1.19424    0.00000    0.00000    2.26995    0.41523
   1.20155    0.00000    0.00000    2.27448    0.41318
   1.20887    0.00000    0.00000    2.27902    0.41113
   1.21618    0.00000    0.00000    2.28357    0.40910
   1.22349    0.00000    0.00000    2.28811    0.40708
   1.23081    0.00000    0.00000    2.29266    0.40507
   1.23812    0.00000    0.00000    2.29721    0.40306
   1.24544    0.00000    0.00000    2.30176    0.40107
   1.25275    0.00000    0.00000    2.30631    0.39910
   1.26006    0.00000    0.00000    2.31085    0.39713
   1.26738    0.00000    0.00000    2.31539    0.39518
   1.27469    0.00000    0.00000    2.31993    0.39323
   1.28200    0.00000    0.00000    2.32446    0.39131
   1.28932    0.00000    0.00000    2.32899    0.38939
   1.29663    0.00000    0.00000    2.33350    0.38749
   1.30394    0.00000    0.00000    2.33801    0.38560
   1.31126    0.00000    0.00000    2.34250    0.38373
   1.31857    0.00000    0.00000    2.34699    0.38188
   1.32589    0.00000    0.00000    2.35146    0.38004
   1.33320    0.00000    0.00000    2.35592    0.37821
   1.34051    0.00000    0.00000    2.36036    0.37640
   1.34783    0.00000    0.00000    2.36479    0.37461
   1.35514    0.00000    0.00000    2.36920    0.37283
   1.36245    0.00000    0.00000    2.37359    0.37108
   1.36977    0.00000    0.00000    2.37797    0.36934
   1.37708    0.00000    0.00000    2.38233    0.36761
   1.38439    0.00000    0.00000    2.38667    0.36590
   1.39171    0.00000    0.00000    2.39099    0.36421
   1.39902    0.00000    0.00000    2.39530    0.36254
   1.40634    0.00000    0.00000    2.39960    0.36088
   1.41365    0.00000    0.00000    2.40387    0.35923
   1.42096    0.00000    0.00000    2.40814    0.35760
   1.42828    0.00000    0.00000    2.41238    0.35599
   1.43559    0.00000    0.00000    2.41661    0.35439
   1.44290    0.00000    0.00000    2.42083    0.35281
   1.45022    0.00000    0.00000    2.42503    0.35124
   1.45753    0.00000    0.00000    2.42922    0.34969
   1.46484    0.00000    0.00000    2.43339    0.34815
   1.47216    0.00000    0.00000    2.43755    0.34662
   1.47947    0.00000    0.00000    2.44169    0.34511
   1.48679    0.00000    0.00000    2.44582    0.34361
   1.49410    0.00000    0.00000    2.44994    0.34212
   1.50141    0.00000    0.00000    2.45404    0.34065
   1.50873    0.00000    0.00000    2.45813    0.33919
   1.51604    0.00000    0.00000    2.46221    0.33775
   1.52335    0.00000    0.00000    2.46628    0.33632
   1.53067    0.00000    0.00000    2.47033    0.33490
   1.53798    0.00000    0.00000    2.47437    0.33349
   1.54529    0.00000    0.00000    2.47840    0.33209
   1.55261    0.00000    0.00000    2.48241    0.33071
   1.55992    0.00000    0.00000    2.48642    0.32933
   1.56724    0.00000    0.00000    2.49041    0.32797
   1.57455    0.00000    0.00000    2.49439    0.32662
   1.58186    0.00000    0.00000    2.49836    0.32529
   1.58918    0.00000    0.00000    2.50232    0.32396
   1.59649    0.00000    0.00000    2.50627    0.32264
   1.60380    0.00000    0.00000    2.51021    0.32133
   1.61112    0.00000    0.00000    2.51413    0.32004
   1.61843    0.00000    0.00000    2.51805    0.31875
   1.62574    0.00000    0.00000    2.52196    0.31748
   1.63306    0.00000    0.00000    2.52586    0.31621
   1.64037    0.00000    0.00000    2.52975    0.31495
   1.64769    0.00000    0.00000    2.53363    0.31370
   1.65500    0.00000    0.00000    2.53750    0.31247
   1.66231    0.00000    0.00000    2.54136    0.31124
   1.66963    0.00000    0.00000    2.54521    0.31001
   1.67694    0.00000    0.00000    2.54906    0.30880
   1.68425    0.00000    0.00000    2.55290    0.30760
   1.69157    0.00000    0.00000    2.55673    0.30640
   1.69888    0.00000    0.00000    2.56055    0.30521
   1.70619    0.00000    0.00000    2.56436    0.30403
   1.71351    0.00000    0.00000    2.56817    0.30286
   1.72082    0.00000    0.00000    2.57197    0.30169
   1.72814    0.00000    0.00000    2.57576    0.30054
   1.73545    0.00000    0.00000    2.57955    0.29938
   1.74276    0.00000    0.00000    2.58332    0.29824
   1.75008    0.00000    0.00000    2.58710    0.29710
   1.75739    0.00000    0.00000    2.59086    0.29597
   1.76470    0.00000    0.00000    2.59463    0.29484
   1.77202    0.00000    0.00000    2.59838    0.29372
   1.77933    0.00000    0.00000    2.60213    0.29261
   1.78664    0.00000    0.00000    2.60587    0.29150
   1.79396    0.00000    0.00000    2.60961    0.29039
   1.80127    0.00000    0.00000    2.61335    0.28930
   1.80859    0.00000    0.00000    2.61708    0.28820
   1.81590    0.00000    0.00000    2.62080    0.28711
   1.82321    0.00000    0.00000    2.62452    0.28603
   1.83053    0.00000    0.00000    2.62824    0.28495
   1.83784    0.00000    0.00000    2.63195    0.28388
   1.84515    0.00000    0.00000    2.63565    0.28281
   1.85247    0.00000    0.00000    2.63935    0.28174
   1.85978    0.00000    0.00000    2.64304    0.28068
   1.86709    0.00000    0.00000    2.64673    0.27963
   1.87441    0.00000    0.00000    2.65041    0.27858
   1.88172    0.00000    0.00000    2.65409    0.27753
   1.88904    0.00000    0.00000    2.65776    0.27649
   1.89635    0.00000    0.00000    2.66142    0.27545
   1.90366    0.00000    0.00000    2.66507    0.27442
   1.91098    0.00000    0.00000    2.66872    0.27339
   1.91829    0.00000    0.00000    2.67236    0.27236
   1.92560    0.00000    0.00000    2.67600    0.27134
   1.93292    0.00000    0.00000    2.67962    0.27033
   1.94023    0.00000    0.00000    2.68324    0.26932
   1.94754    0.00000    0.00000    2.68686    0.26831
   1.95486    0.00000    0.00000    2.69046    0.26730
   1.96217    0.00000    0.00000    2.69406    0.26630
   1.96948    0.00000    0.00000    2.69765    0.26531
   1.97680    0.00000    0.00000    2.70123    0.26431
   1.98411    0.00000    0.00000    2.70480    0.26333
   1.99143    0.00000    0.00000    2.70837    0.26234
   1.99874    0.00000    0.00000    2.71192    0.26136
   2.00605    0.00000    0.00000    2.71547    0.26038
   2.01337    0.00000    0.00000    2.71901    0.25941
   2.02068    0.00000    0.00000    2.72254    0.25844
   2.02799    0.00000    0.00000    2.72606    0.25747
   2.03531    0.00000    0.00000    2.72957    0.25651
   2.04262    0.00000    0.00000    2.73307    0.25555
   2.04993    0.00000    0.00000    2.73656    0.25460
   2.05725    0.00000    0.00000    2.74004    0.25364
   2.06456    0.00000    0.00000    2.74351    0.25270
   2.07188    0.00000    0.00000    2.74698    0.25175
   2.07919    0.00000    0.00000    2.75043    0.25081
   2.08650    0.00000    0.00000    2.75387    0.24987
   2.09382    0.00000    0.00000    2.75730    0.24893
   2.10113    0.00000    0.00000    2.76072    0.24800
   2.10844    0.00000    0.00000    2.76413    0.24707
   2.11576    0.00000    0.00000    2.76753    0.24614
   2.12307    0.00000    0.00000    2.77092    0.24522
   2.13038    0.00000    0.00000    2.77430    0.24430
   2.13770    0.00000    0.00000    2.77766    0.24338
   2.14501    0.00000    0.00000    2.78101    0.24247
   2.15233    0.00000    0.00000    2.78436    0.24155
   2.15964    0.00000    0.00000    2.78769    0.24064
   2.16695    0.00000    0.00000    2.79101    0.23974
   2.17427    0.00000    0.00000    2.79431    0.23883
   2.18158    0.00000    0.00000    2.79761    0.23793
   2.18889    0.00000    0.00000    2.80089    0.23703
   2.19621    0.00000    0.00000    2.80416    0.23614
   2.20352    0.00000    0.00000    2.80741    0.23524
   2.21083    0.00000    0.00000    2.81066    0.23435
   2.21815    0.00000    0.00000    2.81389    0.23346
   2.22546    0.00000    0.00000    2.81710    0.23258
   2.23278    0.00000    0.00000    2.82031    0.23169
   2.24009    0.00000    0.00000    2.82350    0.23081
   2.24740    0.00000    0.00000    2.82668    0.22993
   2.25472    0.00000    0.00000    2.82984    0.22905
   2.26203    0.00000    0.00000    2.83299    0.22818
   2.26934    0.00000    0.00000    2.83612    0.22730
   2.27666    0.00000    0.00000    2.83924    0.22643
   2.28397    0.00000    0.00000    2.84235    0.22556
   2.29128    0.00000    0.00000    2.84545    0.22469
   2.29860    0.00000    0.00000    2.84852    0.22383
   2.30591    0.00000    0.00000    2.85159    0.22297
   2.31323    0.00000    0.00000    2.85464    0.22211
   2.32054    0.00000    0.00000    2.85767    0.22125
   2.32785    0.00000    0.00000    2.86069    0.22039
   2.33517    0.00000    0.00000    2.86370    0.21953
   2.34248    0.00000    0.00000    2.86669    0.21868
   2.34979    0.00000    0.00000    2.86966    0.21783
   2.35711    0.00000    0.00000    2.87262    0.21698
   2.36442    0.00000    0.00000    2.87557    0.21613
   2.37173    0.00000    0.00000    2.87850    0.21529
   2.37905    0.00000    0.00000    2.88141    0.21444
   2.38636    0.00000    0.00000    2.88431    0.21360
   2.39368    0.00000    0.00000    2.88719    0.21276
   2.40099    0.00000    0.00000    2.89006    0.21192
   2.40830    0.00000    0.00000    2.89291    0.21109
   2.41562    0.00000    0.00000    2.89575    0.21025
   2.42293    0.00000    0.00000    2.89857    0.20942
   2.43024    0.00000    0.00000    2.90137    0.20859
   2.43756    0.00000    0.00000    2.90415    0.20776
   2.44487    0.00000    0.00000    2.90692    0.20693
   2.45218    0.00000    0.00000    2.90968    0.20610
   2.45950    0.00000    0.00000    2.91242    0.20528
   2.46681    0.00000    0.00000    2.91514    0.20446
   2.47413    0.00000    0.00000    2.91784    0.20363
   2.48144    0.00000    0.00000    2.92053    0.20281
   2.48875    0.00000    0.00000    2.92319    0.20200
   2.49607    0.00000    0.00000    2.92585    0.20118
   2.50338    0.00000    0.00000    2.92848    0.20036
   2.51069    0.00000    0.00000    2.93110    0.19955
   2.51801    0.00000    0.00000    2.93370    0.19874
   2.52532    0.00000    0.00000    2.93628    0.19793
   2.53263    0.00000    0.00000    2.93885    0.19712
   2.53995    0.00000    0.00000    2.94140    0.19631
   2.54726    0.00000    0.00000    2.94393    0.19550
   2.55458    0.00000    0.00000    2.94644    0.19470
   2.56189    0.00000    0.00000    2.94893    0.19389
   2.56920    0.00000    0.00000    2.95141    0.19309
   2.57652    0.00000    0.00000    2.95386    0.19229
   2.58383    0.00000    0.00000    2.95630    0.19149
   2.59114    0.00000    0.00000    2.95872    0.19069
   2.59846    0.00000    0.00000    2.96112    0.18990
   2.60577    0.00000    0.00000    2.96351    0.18910
   2.61308    0.00000    0.00000    2.96587    0.18831
   2.62040    0.00000    0.00000    2.96822    0.18751
   2.62771    0.00000    0.00000    2.97054    0.18672
   2.63503    0.00000    0.00000    2.97285    0.18593
   2.64234    0.00000    0.00000    2.97514    0.18514
   2.64965    0.00000    0.00000    2.97741    0.18435
   2.65697    0.00000    0.00000    2.97966    0.18356
   2.66428    0.00000    0.00000    2.98189    0.18278
   2.67159    0.00000    0.00000    2.98410    0.18199
   2.67891    0.00000    0.00000    2.98629    0.18121
   2.68622    0.00000    0.00000    2.98846    0.18042
   2.69353    0.00000    0.00000    2.99061    0.17964
   2.70085    0.00000    0.00000    2.99275    0.17886
   2.70816    0.00000    0.00000    2.99486    0.17808
   2.71547    0.00000    0.00000    2.99695    0.17730
   2.72279    0.00000    0.00000    2.99902    0.17652
   2.73010    0.00000    0.00000    3.00107    0.17575
   2.73742    0.00000    0.00000    3.00309    0.17497
   2.74473    0.00000    0.00000    3.00510    0.17420
   2.75204    0.00000    0.00000    3.00708    0.17342
   2.75936    0.00000    0.00000    3.00904    0.17265
   2.76667    0.00000    0.00000    3.01098    0.17188
   2.77398    0.00000    0.00000    3.01290    0.17111
   2.78130    0.00000    0.00000    3.01479    0.17034
   2.78861    0.00000    0.00000    3.01665    0.16957
   2.79592    0.00000    0.00000    3.01850    0.16880
   2.80324    0.00000    0.00000    3.02032    0.16803
   2.81055    0.00000    0.00000    3.02211    0.16727
   2.81787    0.00000    0.00000    3.02388    0.16650
   2.82518    0.00000    0.00000    3.02562    0.16574
   2.83249    0.00000    0.00000    3.02734    0.16498
   2.83981    0.00000    0.00000    3.02903    0.16422
   2.84712    0.00000    0.00000    3.03069    0.16346
   2.85443    0.00000    0.00000    3.03233    0.16270
   2.86175    0.00000    0.00000    3.03393    0.16194
   2.86906    0.00000    0.00000    3.03551    0.16119
   2.87637    0.00000    0.00000    3.03707    0.16043
   2.88369    0.00000    0.00000    3.03859    0.15968
   2.89100    0.00000    0.00000    3.04009    0.15892
   2.89832    0.00000    0.00000    3.04155    0.15817
   2.90563    0.00000    0.00000    3.04299    0.15742
   2.91294    0.00000    0.00000    3.04440    0.15667
   2.92026    0.00000    0.00000    3.04578    0.15592
   2.92757    0.00000    0.00000    3.04712    0.15517
   2.93488    0.00000    0.00000    3.04844    0.15443
   2.94220    0.00000    0.00000    3.04972    0.15368
   2.94951    0.00000    0.00000    3.05097    0.15294
   2.95682    0.00000    0.00000    3.05220    0.15219
   2.96414    0.00000    0.00000    3.05338    0.15145
   2.97145    0.00000    0.00000    3.05454    0.15071
   2.97877    0.00000    0.00000    3.05566    0.14997
   2.98608    0.00000    0.00000    3.05675    0.14923
   2.99339    0.00000    0.00000    3.05781    0.14850
   3.00071    0.00000    0.00000    3.05883    0.14776
   3.00802    0.00000    0.00000    3.05982    0.14703
   3.01533    0.00000    0.00000    3.06077    0.14629
   3.02265    0.00000    0.00000    3.06169    0.14556
   3.02996    0.00000    0.00000    3.06257    0.14483
   3.03727    0.00000    0.00000    3.06342    0.14410
   3.04459    0.00000    0.00000    3.06423    0.14337
   3.05190    0.00000    0.00000    3.06501    0.14264
   3.05922    0.00000    0.00000    3.06574    0.14192
   3.06653    0.00000    0.00000    3.06644    0.14119
   3.07384    0.00000    0.00000    3.06711    0.14047
   3.08116    0.00000    0.00000    3.06773    0.13974
   3.08847    0.00000    0.00000    3.06832    0.13902
   3.09578    0.00000    0.00000    3.06887    0.13830
   3.10310    0.00000    0.00000    3.06938    0.13758
   3.11041    0.00000    0.00000    3.06985    0.13687
   3.11772    0.00000    0.00000    3.07028    0.13615
   3.12504    0.00000    0.00000    3.07067    0.13544
   3.13235    0.00000    0.00000    3.07102    0.13472
   3.13967    0.00000    0.00000    3.07133    0.13401
   3.14698    0.00000    0.00000    3.07160    0.13330
   3.15429    0.00000    0.00000    3.07183    0.13259
   3.16161    0.00000    0.00000    3.07201    0.13188
   3.16892    0.00000    0.00000    3.07216    0.13117
   3.17623    0.00000    0.00000    3.07226    0.13047
   3.18355    0.00000    0.00000    3.07231    0.12976
   3.19086    0.00000    0.00000    3.07232    0.12906
   3.19817    0.00000    0.00000    3.07228    0.12836
   3.20549    0.00000    0.00000    3.07219    0.12765
   3.21280    0.00000    0.00000    3.07206    0.12695
   3.22012    0.00000    0.00000    3.07187    0.12626
   3.22743    0.00000    0.00000    3.07164    0.12556
   3.23474    0.00000    0.00000    3.07135    0.12486
   3.24206    0.00000    0.00000    3.07101    0.12417
   3.24937    0.00000    0.00000    3.07062    0.12347
   3.25668    0.00000    0.00000    3.07017    0.12278
   3.26400    0.00000    0.00000    3.06967    0.12209
   3.27131    0.00000    0.00000    3.06911    0.12140
   3.27862    0.00000    0.00000    3.06849    0.12071
   3.28594    0.00000    0.00000    3.06781    0.12002
   3.29325    0.00000    0.00000    3.06708    0.11934
   3.30057    0.00000    0.00000    3.06628    0.11865
   3.30788    0.00000    0.00000    3.06543    0.11796
   3.31519    0.00000    0.00000    3.06451    0.11728
   3.32251    0.00000    0.00000    3.06353    0.11660
   3.32982    0.00000    0.00000    3.06248    0.11592
   3.33713    0.00000    0.00000    3.06137    0.11524
   3.34445    0.00000    0.00000    3.06019    0.11456
   3.35176    0.00000    0.00000    3.05894    0.11388
   3.35907    0.00000    0.00000    3.05763    0.11320
   3.36639    0.00000    0.00000    3.05625    0.11253
   3.37370    0.00000    0.00000    3.05480    0.11185
   3.38102    0.00000    0.00000    3.05327    0.11118
   3.38833    0.00000    0.00000    3.05168    0.11051
   3.39564    0.00000    0.00000    3.05001    0.10984
   3.40296    0.00000    0.00000    3.04827    0.10917
   3.41027    0.00000    0.00000    3.04645    0.10850
   3.41758    0.00000    0.00000    3.04456    0.10783
   3.42490    0.00000    0.00000    3.04259    0.10716
   3.43221    0.00000    0.00000    3.04054    0.10650
   3.43952    0.00000    0.00000    3.03841    0.10583
   3.44684    0.00000    0.00000    3.03621    0.10517
   3.45415    0.00000    0.00000    3.03392    0.10450
   3.46146    0.00000    0.00000    3.03155    0.10384
   3.46878    0.00000    0.00000    3.02910    0.10318
   3.47609    0.00000    0.00000    3.02657    0.10252
   3.48341    0.00000    0.00000    3.02395    0.10186
   3.49072    0.00000    0.00000    3.02124    0.10120
   3.49803    0.00000    0.00000    3.01845    0.10055
   3.50535    0.00000    0.00000    3.01557    0.09989
   3.51266    0.00000    0.00000    3.01261    0.09923
   3.51997    0.00000    0.00000    3.00955    0.09858
   3.52729    0.00000    0.00000    3.00640    0.09793
   3.53460    0.00000    0.00000    3.00317    0.09727
   3.54191    0.00000    0.00000    2.99984    0.09662
   3.54923    0.00000    0.00000    2.99641    0.09597
   3.55654    0.00000    0.00000    2.99290    0.09532
   3.56386    0.00000    0.00000    2.98928    0.09467
   3.57117    0.00000    0.00000    2.98558    0.09402
   3.57848    0.00000    0.00000    2.98177    0.09338
   3.58580    0.00000    0.00000    2.97787    0.09273
   3.59311    0.00000    0.00000    2.97386    0.09208
   3.60042    0.00000    0.00000    2.96976    0.09144
   3.60774    0.00000    0.00000    2.96556    0.09079
   3.61505    0.00000    0.00000    2.96125    0.09015
   3.62236    0.00000    0.00000    2.95683    0.08951
   3.62968    0.00000    0.00000    2.95231    0.08887
   3.63699    0.00000    0.00000    2.94767    0.08823
   3.64431    0.00000    0.00000    2.94292    0.08759
   3.65162    0.00000    0.00000    2.93805    0.08695
   3.65893    0.00000    0.00000    2.93306    0.08631
   3.66625    0.00000    0.00000    2.92795    0.08568
   3.67356    0.00000    0.00000    2.92271    0.08504
   3.68087    0.00000    0.00000    2.91735    0.08441
   3.68819    0.00000    0.00000    2.91185    0.08378
   3.69550    0.00000    0.00000    2.90621    0.08315
   3.70281    0.00000    0.00000    2.90044    0.08252
   3.71013    0.00000    0.00000    2.89454    0.08189
   3.71744    0.00000    0.00000    2.88848    0.08126
   3.72476    0.00000    0.00000    2.88229    0.08063
   3.73207    0.00000    0.00000    2.87594    0.08001
   3.73938    0.00000    0.00000    2.86944    0.07939
   3.74670    0.00000    0.00000    2.86280    0.07876
   3.75401    0.00000    0.00000    2.85599    0.07814
   3.76132    0.00000    0.00000    2.84902    0.07752
   3.76864    0.00000    0.00000    2.84190    0.07691
   3.77595    0.00000    0.00000    2.83460    0.07629
   3.78326    0.00000    0.00000    2.82715    0.07568
   3.79058    0.00000    0.00000    2.81952    0.07506
   3.79789    0.00000    0.00000    2.81171    0.07445
   3.80521    0.00000    0.00000    2.80374    0.07384
   3.81252    0.00000    0.00000    2.79558    0.07324
   3.81983    0.00000    0.00000    2.78724    0.07263
   3.82715    0.00000    0.00000    2.77872    0.07203
   3.83446    0.00000    0.00000    2.77001    0.07142
   3.84177    0.00000    0.00000    2.76111    0.07082
   3.84909    0.00000    0.00000    2.75202    0.07022
   3.85640    0.00000    0.00000    2.74274    0.06963
   3.86371    0.00000    0.00000    2.73326    0.06903
   3.87103    0.00000    0.00000    2.72357    0.06844
   3.87834    0.00000    0.00000    2.71369    0.06785
   3.88566    0.00000    0.00000    2.70359    0.06726
   3.89297    0.00000    0.00000    2.69329    0.06667
   3.90028    0.00000    0.00000    2.68278    0.06609
   3.90760    0.00000    0.00000    2.67205    0.06550
   3.91491    0.00000    0.00000    2.66111    0.06492
   3.92222    0.00000    0.00000    2.64994    0.06434
   3.92954    0.00000    0.00000    2.63855    0.06377
   3.93685    0.00000    0.00000    2.62694    0.06319
   3.94416    0.00000    0.00000    2.61510    0.06262
   3.95148    0.00000    0.00000    2.60303    0.06205
   3.95879    0.00000    0.00000    2.59072    0.06148
   3.96611    0.00000    0.00000    2.57818    0.06092
   3.97342    0.00000    0.00000    2.56540    0.06036
   3.98073    0.00000    0.00000    2.55237    0.05980
   3.98805    0.00000    0.00000    2.53910    0.05924
   3.99536    0.00000    0.00000    2.52559    0.05868
   4.00267    0.00000    0.00000    2.51182    0.05813
   4.00999    0.00000    0.00000    2.49780    0.05758
   4.01730    0.00000    0.00000    2.48353    0.05703
   4.02461    0.00000    0.00000    2.46899    0.05649
   4.03193    0.00000    0.00000    2.45420    0.05594
   4.03924    0.00000    0.00000    2.43914    0.05540
   4.04656    0.00000    0.00000    2.42381    0.05487
   4.05387    0.00000    0.00000    2.40822    0.05433
   4.06118    0.00000    0.00000    2.39235    0.05380
   4.06850    0.00000    0.00000    2.37622    0.05327
   4.07581    0.00000    0.00000    2.35981    0.05274
   4.08312    0.00000    0.00000    2.34315    0.05221
   4.09044    0.00000    0.00000    2.32622    0.05169
   4.09775    0.00000    0.00000    2.30902    0.05117
   4.10506    0.00000    0.00000    2.29157    0.05065
   4.11238    0.00000    0.00000    2.27385    0.05012
   4.11969    0.00000    0.00000    2.25588    0.04960
   4.12701    0.00000    0.00000    2.23765    0.04908
   4.13432    0.00000    0.00000    2.21917    0.04857
   4.14163    0.00000    0.00000    2.20044    0.04805
   4.14895    0.00000    0.00000    2.18145    0.04753
   4.15626    0.00000    0.00000    2.16221    0.04700
   4.16357    0.00000    0.00000    2.14273    0.04648
   4.17089    0.00000    0.00000    2.12299    0.04596
   4.17820    0.00000    0.00000    2.10299    0.04544
   4.18551    0.00000    0.00000    2.08271    0.04491
   4.19283    0.00000    0.00000    2.06215    0.04438
   4.20014    0.00000    0.00000    2.04128    0.04385
   4.20745    0.00000    0.00000    2.02010    0.04331
   4.21477    0.00000    0.00000    1.99859    0.04278
   4.22208    0.00000    0.00000    1.97674    0.04223
   4.22940    0.00000    0.00000    1.95453    0.04168
   4.23671    0.00000    0.00000    1.93195    0.04113
   4.24402    0.00000    0.00000    1.90899    0.04057
   4.25134    0.00000    0.00000    1.88563    0.04001
   4.25865    0.00000    0.00000    1.86187    0.03944
   4.26596    0.00000    0.00000    1.83768    0.03886
   4.27328    0.00000    0.00000    1.81306    0.03827
   4.28059    0.00000    0.00000    1.78799    0.03768
   4.28790    0.00000    0.00000    1.76240    0.03708
   4.29522    0.00000    0.00000    1.73623    0.03647
   4.30253    0.00000    0.00000    1.70939    0.03586
   4.30985    0.00000    0.00000    1.68181    0.03525
   4.31716    0.00000    0.00000    1.65340    0.03463
   4.32447    0.00000    0.00000    1.62410    0.03402
   4.33179    0.00000    0.00000    1.59382    0.03341
   4.33910    0.00000    0.00000    1.56249    0.03280
   4.34641    0.00000    0.00000    1.53003    0.03220
   4.35373    0.00000    0.00000    1.49636    0.03160
   4.36104    0.00000    0.00000    1.46141    0.03101
   4.36835    0.00000    0.00000    1.42509    0.03043
   4.37567    0.00000    0.00000    1.38733    0.02986
   4.38298    0.00000    0.00000    1.34806    0.02931
   4.39030    0.00000    0.00000    1.30718    0.02877
   4.39761    0.00000    0.00000    1.26464    0.02824
   4.40492    0.00000    0.00000    1.22035    0.02773
   4.41224    0.00000    0.00000    1.17422    0.02724
   4.41955    0.00000    0.00000    1.12620    0.02677
   4.42686    0.00000    0.00000    1.07619    0.02633
   4.43418    0.00000    0.00000    1.02412    0.02590
   4.44149    0.00000    0.00000    0.96991    0.02550
   4.44880    0.00000    0.00000    0.91349    0.02512
   4.45612    0.00000    0.00000    0.85477    0.02478
   4.46343    0.00000    0.00000    0.79369    0.02446
   4.47075    0.00000    0.00000    0.73015    0.02417
   4.47806    0.00000    0.00000    0.66410    0.02392
   4.48537    0.00000    0.00000    0.59544    0.02369
   4.49269    0.00000    0.00000    0.52410    0.02351
   4.50000    0.00000    0.00000    0.45000    0.02335
