   8.28289   -1.90809    0.00000
   8.29466   -1.90670    0.00000
   8.30544   -1.90542    0.00000
   8.31526   -1.90426    0.00000
   8.32416   -1.90320    0.00000
   8.33217   -1.90226    0.00000
   8.33930   -1.90141    0.00000
   8.34559   -1.90067    0.00000
   8.35107   -1.90002    0.00000
   8.35576   -1.89946    0.00000
   8.35971   -1.89899    0.00000
   8.36292   -1.89861    0.00000
   8.36544   -1.89832    0.00000
   8.36729   -1.89810    0.00000
   8.36850   -1.89795    0.00000
   8.36910   -1.89788    0.00000
   8.36912   -1.89788    0.00000
   8.36858   -1.89794    0.00000
   8.36752   -1.89807    0.00000
   8.36596   -1.89825    0.00000
   8.36394   -1.89849    0.00000
   8.36148   -1.89879    0.00000
   8.35860   -1.89913    0.00000
   8.35535   -1.89951    0.00000
   8.35174   -1.89994    0.00000
   8.34781   -1.90040    0.00000
   8.34359   -1.90090    0.00000
   8.33909   -1.90143    0.00000
   8.33437   -1.90199    0.00000
   8.32943   -1.90258    0.00000
   8.32431   -1.90319    0.00000
   8.31904   -1.90381    0.00000
   8.31364   -1.90445    0.00000
   8.30816   -1.90510    0.00000
   8.30261   -1.90575    0.00000
   8.29702   -1.90642    0.00000
   8.29142   -1.90708    0.00000
   8.28584   -1.90774    0.00000
   8.28032   -1.90839    0.00000
   8.27487   -1.90904    0.00000
   8.26953   -1.90967    0.00000
   8.26432   -1.91029    0.00000
   8.25928   -1.91088    0.00000
   8.25443   -1.91146    0.00000
   8.24980   -1.91201    0.00000
   8.24543   -1.91252    0.00000
   8.24133   -1.91301    0.00000
   8.23754   -1.91346    0.00000
   8.23409   -1.91387    0.00000
   8.23100   -1.91423    0.00000
   8.22831   -1.91455    0.00000
   8.22604   -1.91482    0.00000
   8.22422   -1.91503    0.00000
   8.22288   -1.91519    0.00000
   8.22205   -1.91529    0.00000
   8.22176   -1.91533    0.00000
   8.22203   -1.91529    0.00000
   8.22290   -1.91519    0.00000
   8.22439   -1.91501    0.00000
   8.22654   -1.91476    0.00000
   8.22936   -1.91442    0.00000
   8.23290   -1.91401    0.00000
   8.23717   -1.91350    0.00000
   8.24222   -1.91290    0.00000
   8.24806   -1.91221    0.00000
   8.25472   -1.91142    0.00000
   8.26224   -1.91053    0.00000
   8.27063   -1.90954    0.00000
   8.27994   -1.90844    0.00000
   8.29019   -1.90722    0.00000
   8.30137   -1.90590    0.00000
   8.31345   -1.90447    0.00000
   8.32641   -1.90293    0.00000
   8.34023   -1.90129    0.00000
   8.35488   -1.89955    0.00000
   8.37034   -1.89771    0.00000
   8.38658   -1.89577    0.00000
   8.40358   -1.89374    0.00000
   8.42130   -1.89162    0.00000
   8.43974   -1.88941    0.00000
   8.45886   -1.88712    0.00000
   8.47863   -1.88474    0.00000
   8.49904   -1.88228    0.00000
   8.52005   -1.87973    0.00000
   8.54165   -1.87712    0.00000
   8.56380   -1.87443    0.00000
   8.58649   -1.87166    0.00000
   8.60968   -1.86883    0.00000
   8.63336   -1.86593    0.00000
   8.65750   -1.86296    0.00000
   8.68207   -1.85994    0.00000
   8.70705   -1.85685    0.00000
   8.73241   -1.85370    0.00000
   8.75814   -1.85051    0.00000
   8.78419   -1.84725    0.00000
   8.81056   -1.84395    0.00000
   8.83721   -1.84060    0.00000
   8.86412   -1.83721    0.00000
   8.89126   -1.83377    0.00000
   8.91862   -1.83029    0.00000
   8.94615   -1.82677    0.00000
   8.97385   -1.82322    0.00000
   9.00169   -1.81964    0.00000
   9.02963   -1.81602    0.00000
   9.05766   -1.81238    0.00000
   9.08576   -1.80870    0.00000
   9.11388   -1.80501    0.00000
   9.14202   -1.80130    0.00000
   9.17014   -1.79756    0.00000
   9.19823   -1.79381    0.00000
   9.22625   -1.79005    0.00000
   9.25419   -1.78627    0.00000
   9.28201   -1.78249    0.00000
   9.30969   -1.77869    0.00000
   9.33721   -1.77490    0.00000
   9.36454   -1.77110    0.00000
   9.39166   -1.76730    0.00000
   9.41854   -1.76351    0.00000
   9.44516   -1.75972    0.00000
   9.47149   -1.75594    0.00000
   9.49751   -1.75217    0.00000
   9.52319   -1.74841    0.00000
   9.54851   -1.74467    0.00000
   9.57344   -1.74094    0.00000
   9.59796   -1.73724    0.00000
   9.62205   -1.73355    0.00000
   9.64567   -1.72990    0.00000
   9.66881   -1.72626    0.00000
   9.69144   -1.72266    0.00000
   9.71353   -1.71909    0.00000
   9.73506   -1.71556    0.00000
   9.75601   -1.71206    0.00000
   9.77640   -1.70859    0.00000
   9.79623   -1.70516    0.00000
   9.81550   -1.70177    0.00000
   9.83425   -1.69841    0.00000
   9.85246   -1.69508    0.00000
   9.87016   -1.69178    0.00000
   9.88735   -1.68851    0.00000
   9.90404   -1.68528    0.00000
   9.92025   -1.68207    0.00000
   9.93599   -1.67889    0.00000
   9.95126   -1.67574    0.00000
   9.96608   -1.67262    0.00000
   9.98045   -1.66952    0.00000
   9.99439   -1.66645    0.00000
  10.00791   -1.66340    0.00000
  10.02102   -1.66038    0.00000
  10.03373   -1.65738    0.00000
  10.04604   -1.65441    0.00000
  10.05797   -1.65145    0.00000
  10.06954   -1.64852    0.00000
  10.08074   -1.64561    0.00000
  10.09160   -1.64271    0.00000
  10.10211   -1.63984    0.00000
  10.11230   -1.63698    0.00000
  10.12217   -1.63415    0.00000
  10.13173   -1.63132    0.00000
  10.14100   -1.62852    0.00000
  10.14998   -1.62573    0.00000
  10.15868   -1.62295    0.00000
  10.16712   -1.62018    0.00000
  10.17530   -1.61743    0.00000
  10.18324   -1.61470    0.00000
  10.19095   -1.61197    0.00000
  10.19843   -1.60925    0.00000
  10.20570   -1.60654    0.00000
  10.21276   -1.60385    0.00000
  10.21963   -1.60116    0.00000
  10.22633   -1.59847    0.00000
  10.23285   -1.59580    0.00000
  10.23920   -1.59313    0.00000
  10.24541   -1.59046    0.00000
  10.25148   -1.58780    0.00000
  10.25742   -1.58515    0.00000
  10.26324   -1.58249    0.00000
  10.26896   -1.57984    0.00000
  10.27457   -1.57719    0.00000
  10.28010   -1.57454    0.00000
  10.28555   -1.57190    0.00000
  10.29093   -1.56925    0.00000
  10.29626   -1.56659    0.00000
  10.30154   -1.56394    0.00000
  10.30679   -1.56128    0.00000
  10.31201   -1.55862    0.00000
  10.31722   -1.55596    0.00000
  10.32242   -1.55329    0.00000
  10.32763   -1.55061    0.00000
  10.33286   -1.54792    0.00000
  10.33811   -1.54523    0.00000
  10.34341   -1.54253    0.00000
  10.34875   -1.53982    0.00000
  10.35415   -1.53710    0.00000
  10.35961   -1.53437    0.00000
  10.36513   -1.53164    0.00000
  10.37071   -1.52889    0.00000
  10.37634   -1.52613    0.00000
  10.38202   -1.52336    0.00000
  10.38775   -1.52058    0.00000
  10.39353   -1.51779    0.00000
  10.39935   -1.51499    0.00000
  10.40522   -1.51218    0.00000
  10.41112   -1.50936    0.00000
  10.41706   -1.50653    0.00000
  10.42304   -1.50370    0.00000
  10.42905   -1.50085    0.00000
  10.43509   -1.49799    0.00000
  10.44116   -1.49513    0.00000
  10.44725   -1.49225    0.00000
  10.45337   -1.48937    0.00000
  10.45950   -1.48647    0.00000
  10.46566   -1.48357    0.00000
  10.47183   -1.48066    0.00000
  10.47801   -1.47774    0.00000
  10.48421   -1.47481    0.00000
  10.49041   -1.47187    0.00000
  10.49662   -1.46892    0.00000
  10.50284   -1.46596    0.00000
  10.50906   -1.46300    0.00000
  10.51527   -1.46002    0.00000
  10.52148   -1.45704    0.00000
  10.52769   -1.45405    0.00000
  10.53389   -1.45105    0.00000
  10.54007   -1.44804    0.00000
  10.54625   -1.44502    0.00000
  10.55241   -1.44200    0.00000
  10.55855   -1.43896    0.00000
  10.56467   -1.43592    0.00000
  10.57078   -1.43287    0.00000
  10.57685   -1.42981    0.00000
  10.58290   -1.42674    0.00000
  10.58892   -1.42366    0.00000
  10.59491   -1.42058    0.00000
  10.60086   -1.41749    0.00000
  10.60677   -1.41439    0.00000
  10.61265   -1.41128    0.00000
  10.61849   -1.40817    0.00000
  10.62428   -1.40504    0.00000
  10.63003   -1.40191    0.00000
  10.63572   -1.39878    0.00000
  10.64137   -1.39563    0.00000
  10.64696   -1.39248    0.00000
  10.65250   -1.38931    0.00000
  10.65798   -1.38615    0.00000
  10.66340   -1.38297    0.00000
  10.66876   -1.37979    0.00000
  10.67405   -1.37660    0.00000
  10.67927   -1.37340    0.00000
  10.68442   -1.37019    0.00000
  10.68950   -1.36698    0.00000
  10.69451   -1.36376    0.00000
  10.69944   -1.36053    0.00000
  10.70429   -1.35730    0.00000
  10.70906   -1.35406    0.00000
  10.71374   -1.35081    0.00000
  10.71834   -1.34756    0.00000
  10.72286   -1.34430    0.00000
  10.72730   -1.34103    0.00000
  10.73166   -1.33775    0.00000
  10.73594   -1.33446    0.00000
  10.74014   -1.33117    0.00000
  10.74426   -1.32786    0.00000
  10.74831   -1.32455    0.00000
  10.75229   -1.32122    0.00000
  10.75619   -1.31789    0.00000
  10.76002   -1.31455    0.00000
  10.76378   -1.31119    0.00000
  10.76746   -1.30782    0.00000
  10.77108   -1.30444    0.00000
  10.77463   -1.30105    0.00000
  10.77811   -1.29765    0.00000
  10.78152   -1.29424    0.00000
  10.78487   -1.29081    0.00000
  10.78816   -1.28737    0.00000
  10.79138   -1.28392    0.00000
  10.79454   -1.28045    0.00000
  10.79764   -1.27697    0.00000
  10.80068   -1.27347    0.00000
  10.80366   -1.26996    0.00000
  10.80658   -1.26644    0.00000
  10.80944   -1.26290    0.00000
  10.81225   -1.25934    0.00000
  10.81500   -1.25577    0.00000
  10.81770   -1.25218    0.00000
  10.82034   -1.24857    0.00000
  10.82293   -1.24495    0.00000
  10.82548   -1.24131    0.00000
  10.82797   -1.23766    0.00000
  10.83041   -1.23398    0.00000
  10.83281   -1.23029    0.00000
  10.83516   -1.22658    0.00000
  10.83746   -1.22285    0.00000
  10.83972   -1.21910    0.00000
  10.84193   -1.21533    0.00000
  10.84410   -1.21154    0.00000
  10.84623   -1.20773    0.00000
  10.84832   -1.20390    0.00000
  10.85037   -1.20005    0.00000
  10.85238   -1.19617    0.00000
  10.85436   -1.19228    0.00000
  10.85629   -1.18837    0.00000
  10.85819   -1.18443    0.00000
  10.86006   -1.18047    0.00000
  10.86189   -1.17649    0.00000
  10.86369   -1.17248    0.00000
  10.86546   -1.16845    0.00000
  10.86720   -1.16440    0.00000
  10.86891   -1.16032    0.00000
  10.87059   -1.15622    0.00000
  10.87225   -1.15209    0.00000
  10.87388   -1.14794    0.00000
  10.87548   -1.14377    0.00000
  10.87706   -1.13956    0.00000
  10.87861   -1.13533    0.00000
  10.88015   -1.13108    0.00000
  10.88166   -1.12680    0.00000
  10.88315   -1.12249    0.00000
  10.88462   -1.11815    0.00000
  10.88608   -1.11379    0.00000
  10.88751   -1.10940    0.00000
  10.88893   -1.10498    0.00000
  10.89032   -1.10053    0.00000
  10.89170   -1.09606    0.00000
  10.89307   -1.09155    0.00000
  10.89442   -1.08701    0.00000
  10.89575   -1.08245    0.00000
  10.89707   -1.07785    0.00000
  10.89837   -1.07322    0.00000
  10.89966   -1.06857    0.00000
  10.90093   -1.06388    0.00000
  10.90219   -1.05916    0.00000
  10.90344   -1.05440    0.00000
  10.90468   -1.04962    0.00000
  10.90590   -1.04480    0.00000
  10.90712   -1.03995    0.00000
  10.90832   -1.03507    0.00000
  10.90952   -1.03015    0.00000
  10.91070   -1.02520    0.00000
  10.91188   -1.02021    0.00000
  10.91304   -1.01519    0.00000
  10.91420   -1.01014    0.00000
  10.91535   -1.00505    0.00000
  10.91650   -0.99992    0.00000
  10.91764   -0.99476    0.00000
  10.91877   -0.98956    0.00000
  10.91990   -0.98433    0.00000
  10.92102   -0.97906    0.00000
  10.92214   -0.97375    0.00000
  10.92326   -0.96840    0.00000
  10.92437   -0.96302    0.00000
  10.92548   -0.95759    0.00000
  10.92658   -0.95213    0.00000
  10.92769   -0.94663    0.00000
  10.92879   -0.94110    0.00000
  10.92990   -0.93552    0.00000
  10.93100   -0.92990    0.00000
  10.93211   -0.92424    0.00000
  10.93321   -0.91854    0.00000
  10.93432   -0.91280    0.00000
  10.93543   -0.90702    0.00000
  10.93654   -0.90120    0.00000
  10.93765   -0.89533    0.00000
  10.93877   -0.88943    0.00000
  10.93989   -0.88348    0.00000
  10.94102   -0.87749    0.00000
  10.94215   -0.87145    0.00000
  10.94329   -0.86537    0.00000
  10.94443   -0.85925    0.00000
  10.94558   -0.85308    0.00000
  10.94674   -0.84687    0.00000
  10.94790   -0.84062    0.00000
  10.94907   -0.83431    0.00000
  10.95026   -0.82797    0.00000
  10.95145   -0.82158    0.00000
  10.95265   -0.81514    0.00000
  10.95386   -0.80865    0.00000
  10.95508   -0.80212    0.00000
  10.95632   -0.79554    0.00000
  10.95756   -0.78892    0.00000
  10.95883   -0.78225    0.00000
  10.96011   -0.77553    0.00000
  10.96140   -0.76878    0.00000
  10.96272   -0.76197    0.00000
  10.96407   -0.75513    0.00000
  10.96543   -0.74825    0.00000
  10.96683   -0.74133    0.00000
  10.96825   -0.73436    0.00000
  10.96970   -0.72736    0.00000
  10.97119   -0.72032    0.00000
  10.97271   -0.71325    0.00000
  10.97426   -0.70614    0.00000
  10.97585   -0.69900    0.00000
  10.97749   -0.69182    0.00000
  10.97916   -0.68461    0.00000
  10.98088   -0.67736    0.00000
  10.98264   -0.67009    0.00000
  10.98445   -0.66278    0.00000
  10.98631   -0.65545    0.00000
  10.98822   -0.64809    0.00000
  10.99019   -0.64070    0.00000
  10.99221   -0.63328    0.00000
  10.99428   -0.62583    0.00000
  10.99642   -0.61837    0.00000
  10.99861   -0.61087    0.00000
  11.00087   -0.60336    0.00000
  11.00319   -0.59582    0.00000
  11.00558   -0.58826    0.00000
  11.00804   -0.58068    0.00000
  11.01056   -0.57308    0.00000
  11.01316   -0.56546    0.00000
  11.01584   -0.55783    0.00000
  11.01858   -0.55018    0.00000
  11.02141   -0.54251    0.00000
  11.02432   -0.53482    0.00000
  11.02730   -0.52712    0.00000
  11.03037   -0.51941    0.00000
  11.03353   -0.51168    0.00000
  11.03677   -0.50395    0.00000
  11.04010   -0.49620    0.00000
  11.04352   -0.48844    0.00000
  11.04704   -0.48068    0.00000
  11.05065   -0.47290    0.00000
  11.05436   -0.46512    0.00000
  11.05816   -0.45733    0.00000
  11.06207   -0.44954    0.00000
  11.06607   -0.44174    0.00000
  11.07018   -0.43393    0.00000
  11.07440   -0.42613    0.00000
  11.07873   -0.41832    0.00000
  11.08316   -0.41051    0.00000
  11.08771   -0.40270    0.00000
  11.09237   -0.39489    0.00000
  11.09714   -0.38709    0.00000
  11.10204   -0.37928    0.00000
  11.10705   -0.37148    0.00000
  11.11218   -0.36368    0.00000
  11.11744   -0.35589    0.00000
  11.12282   -0.34810    0.00000
  11.12833   -0.34032    0.00000
  11.13396   -0.33255    0.00000
  11.13972   -0.32479    0.00000
  11.14561   -0.31703    0.00000
  11.15161   -0.30928    0.00000
  11.15774   -0.30154    0.00000
  11.16398   -0.29380    0.00000
  11.17034   -0.28607    0.00000
  11.17682   -0.27835    0.00000
  11.18341   -0.27064    0.00000
  11.19011   -0.26293    0.00000
  11.19692   -0.25523    0.00000
  11.20384   -0.24754    0.00000
  11.21087   -0.23985    0.00000
  11.21800   -0.23218    0.00000
  11.22523   -0.22451    0.00000
  11.23257   -0.21685    0.00000
  11.24003   -0.20921    0.00000
  11.24761   -0.20161    0.00000
  11.25533   -0.19406    0.00000
  11.26320   -0.18657    0.00000
  11.27122   -0.17915    0.00000
  11.27941   -0.17181    0.00000
  11.28779   -0.16458    0.00000
  11.29635   -0.15746    0.00000
  11.30512   -0.15046    0.00000
  11.31410   -0.14360    0.00000
  11.32330   -0.13689    0.00000
  11.33274   -0.13034    0.00000
  11.34243   -0.12397    0.00000
  11.35237   -0.11778    0.00000
  11.36258   -0.11180    0.00000
  11.37305   -0.10601    0.00000
  11.38375   -0.10040    0.00000
  11.39468   -0.09496    0.00000
  11.40581   -0.08967    0.00000
  11.41713   -0.08452    0.00000
  11.42862   -0.07950    0.00000
  11.44025   -0.07460    0.00000
  11.45203   -0.06979    0.00000
  11.46392   -0.06508    0.00000
  11.47590   -0.06044    0.00000
  11.48797   -0.05586    0.00000
  11.50011   -0.05132    0.00000
  11.51228   -0.04683    0.00000
  11.52449   -0.04235    0.00000
  11.53671   -0.03788    0.00000
  11.54892   -0.03341    0.00000
  11.56111   -0.02892    0.00000
  11.57325   -0.02440    0.00000
  11.58534   -0.01983    0.00000
  11.59735   -0.01521    0.00000
  11.60926   -0.01051    0.00000
  11.62106   -0.00573    0.00000
  11.63273   -0.00085    0.00000
  11.64426    0.00414    0.00000
  11.65562    0.00926    0.00000
  11.66680    0.01451    0.00000
  11.67777    0.01992    0.00000
  11.68853    0.02549    0.00000
  11.69905    0.03123    0.00000
  11.70933    0.03717    0.00000
