  Point                Ux            Uy              Uz
(Panel)  (Side)
   0       0     -8.544401936     6.873137765    -9.390564930
   0       1    -10.339069667     9.652107094   -10.344646419
   0       2    -11.031717125    13.616626005   -12.631345518
   0       3    -10.405168569     9.237109401   -10.646720667
   1       0     -8.968068171     7.932658928    -7.858776800
   1       1    -10.119993153    12.219443412    -7.564154841
   1       2    -10.890173373    15.148275780   -10.631863705
   1       3    -10.339069667     9.652107094   -10.344646419
   2       0     -8.914990705    10.242675192    -4.287431713
   2       1     -9.817443680    14.649286146    -1.894323685
   2       2    -10.501529259    17.733731026    -5.445895227
   2       3    -10.119993153    12.219443412    -7.564154841
   3       0     -8.973092740    11.249368662     0.871765633
   3       1     -9.546545930    14.513454095     4.404280189
   3       2    -10.308537765    18.744204726     1.721751166
   3       3     -9.817443680    14.649286146    -1.894323685
   4       0     -8.975252347    10.452051497     5.185989008
   4       1     -8.996926846    13.290710573     8.261138095
   4       2    -10.069812275    17.755383750     7.715262638
   4       3     -9.546545930    14.513454095     4.404280189
   5       0    -11.031717125    13.616626005   -12.631345518
   5       1    -11.337046425    18.198841715   -13.951159277
   5       2    -11.635288384    22.020760416   -15.565080356
   5       3    -11.381442100    17.753380032   -14.466740988
   6       0    -10.890173373    15.148275780   -10.631863705
   6       1    -11.235863161    20.911677963    -9.700375936
   6       2    -11.588303533    23.578782262   -12.875784531
   6       3    -11.337046425    18.198841715   -13.951159277
   7       0    -10.501529259    17.733731026    -5.445895227
   7       1    -11.134389525    23.148203803    -1.842735461
   7       2    -11.376248843    26.054681748    -6.181241446
   7       3    -11.235863161    20.911677963    -9.700375936
   8       0    -10.308537765    18.744204726     1.721751166
   8       1    -11.049137031    22.463648198     6.380520400
   8       2    -11.262435862    26.763510919     2.649095494
   8       3    -11.134389525    23.148203803    -1.842735461
   9       0    -10.069812275    17.755383750     7.715262638
   9       1    -10.725926055    20.695354868    11.242572242
   9       2    -11.068850527    25.438423602     9.828747120
   9       3    -11.049137031    22.463648198     6.380520400
  10       0    -11.635288384    22.020760416   -15.565080356
  10       1    -11.643974305    26.532912761   -16.143581726
  10       2    -11.869376427    30.476829198   -17.262501375
  10       3    -11.676851198    26.098314634   -16.799146963
  11       0    -11.588303533    23.578782262   -12.875784531
  11       1    -11.584469734    29.153374073   -10.930126683
  11       2    -11.858115745    31.927420160   -14.122116438
  11       3    -11.643974305    26.532912761   -16.143581726
  12       0    -11.376248843    26.054681748    -6.181241446
  12       1    -11.513743162    31.173375177    -1.694129208
  12       2    -11.692349635    34.161643850    -6.488309519
  12       3    -11.584469734    29.153374073   -10.930126683
  13       0    -11.262435862    26.763510919     2.649095494
  13       1    -11.443860048    30.297768408     7.762030258
  13       2    -11.587861133    34.671833693     3.344313755
  13       3    -11.513743162    31.173375177    -1.694129208
  14       0    -11.068850527    25.438423602     9.828747120
  14       1    -11.186249681    28.397677169    13.359732572
  14       2    -11.416472435    33.273384635    11.276146608
  14       3    -11.443860048    30.297768408     7.762030258
  15       0    -11.869376427    30.476829198   -17.262501375
  15       1    -11.854184313    35.206530489   -16.721381362
  15       2    -11.941850312    39.529283263   -16.788027741
  15       3    -11.884601419    34.833717082   -17.447871076
  16       0    -11.858115745    31.927420160   -14.122116438
  16       1    -11.794324593    37.429683746   -11.083279617
  16       2    -11.912071811    40.643020403   -13.594490487
  16       3    -11.854184313    35.206530489   -16.721381362
  17       0    -11.692349635    34.161643850    -6.488309519
  17       1    -11.695094865    39.074855634    -1.408392022
  17       2    -11.733668415    42.321733263    -5.991049907
  17       3    -11.794324593    37.429683746   -11.083279617
  18       0    -11.587861133    34.671833693     3.344313755
  18       1    -11.589238624    38.221455768     8.387452041
  18       2    -11.631779400    42.622896089     3.640541010
  18       3    -11.695094865    39.074855634    -1.408392022
  19       0    -11.416472435    33.273384635    11.276146608
  19       1    -11.313664246    36.516440897    14.242924674
  19       2    -11.507533979    41.447465132    11.410339305
  19       3    -11.589238624    38.221455768     8.387452041
  20       0    -11.941850312    39.529283263   -16.788027741
  20       1    -12.078790291    44.874118728   -12.760015441
  20       2    -12.168134006    50.014000871    -9.261292068
  20       3    -12.126310278    44.663631977   -13.348818614
  21       0    -11.912071811    40.643020403   -13.594490487
  21       1    -12.018340336    46.076003839    -8.283705168
  21       2    -12.032504099    50.325083362    -7.427507147
  21       3    -12.078790291    44.874118728   -12.760015441
  22       0    -11.733668415    42.321733263    -5.991049907
  22       1    -11.846015178    46.942298625    -0.831441552
  22       2    -11.813823227    50.781281522    -3.160054452
  22       3    -12.018340336    46.076003839    -8.283705168
  23       0    -11.631779400    42.622896089     3.640541010
  23       1    -11.621730286    46.446359450     6.650422444
  23       2    -11.654566705    50.873882154     2.156840444
  23       3    -11.846015178    46.942298625    -0.831441552
  24       0    -11.507533979    41.447465132    11.410339305
  24       1    -11.233215787    45.528997644    11.186128543
  24       2    -11.318149122    50.633294348     6.473853148
  24       3    -11.621730286    46.446359450     6.650422444
