Point    UxUy          Uz             
(Panel) (Side) 
 0   0      -8.356469462       7.179630239      -9.765205034
 0   1      -8.276936270      11.139523380     -11.435246708
 0   2      -9.320123643      14.733870939     -13.326555190
 0   3      -8.276575137      10.730913191     -11.815053792
 1   0      -8.360845187       8.582737615      -8.384362144
 1   1      -8.279051022      13.716424528      -8.205721587
 1   2      -9.275075410      16.283931762     -11.135927213
 1   3      -8.276936270      11.139523380     -11.435246708
 2   0      -8.366166613      10.883190002      -4.555466630
 2   1      -8.280401448      15.881314152      -1.908384576
 2   2      -9.200362002      18.703427281      -5.512967224
 2   3      -8.279051022      13.716424528      -8.205721587
 3   0      -8.366166613      11.766519167       0.863207941
 3   1      -8.279051021      15.270904302       4.719496809
 3   2      -9.200362009      19.396820687       1.993576609
 3   3      -8.280401448      15.881314152      -1.908384576
 4   0      -8.360845186      10.773182937       5.281992380
 4   1      -8.276936270      13.535965913       8.463537979
 4   2      -9.275075421      18.022965804       8.021721354
 4   3      -8.279051021      15.270904302       4.719496809
 5   0      -9.320123643      14.733870939     -13.326555190
 5   1     -10.145368125      18.972760107     -14.251423465
 5   2     -10.423676003      22.734299261     -15.727890923
 5   3     -10.145096995      18.540158917     -14.805681965
 6   0      -9.275075410      16.283931762     -11.135927213
 6   1     -10.146955574      21.638663510      -9.775340560
 6   2     -10.413809526      24.275536829     -12.926156320
 6   3     -10.145368125      18.972760107     -14.251423465
 7   0      -9.200362002      18.703427281      -5.512967224
 7   1     -10.147936860      23.697879589      -1.626364154
 7   2     -10.397805442      26.602613374      -5.992164655
 7   3     -10.146955574      21.638663510      -9.775340560
 8   0      -9.200362009      19.396820687       1.993576609
 8   1     -10.146955574      22.771778526       6.725707706
 8   2     -10.397805444      27.103339881       3.002339785
 8   3     -10.147936860      23.697879589      -1.626364154
 9   0      -9.275075421      18.022965804       8.021721354
 9   1     -10.145368125      20.744245052      11.521501381
 9   2     -10.413809529      25.545012799      10.190168234
 9   3     -10.146955574      22.771778526       6.725707706
10   0     -10.423676003      22.734299261     -15.727890923
10   1     -10.690650716      27.087864804     -16.118493210
10   2     -10.845878182      31.010402223     -17.158361156
10   3     -10.690507761      26.667718276     -16.799890959
11   0     -10.413809526      24.275536829     -12.926156320
11   1     -10.691487668      29.641942674     -10.761946263
11   2     -10.842541701      32.435638601     -13.947642437
11   3     -10.690650716      27.087864804     -16.118493210
12   0     -10.397805442      26.602613374      -5.992164655
12   1     -10.692005000      31.514445031      -1.365369281
12   2     -10.836830127      34.540268783      -6.173556914
12   3     -10.691487668      29.641942674     -10.761946263
13   0     -10.397805444      27.103339881       3.002339785
13   1     -10.691487668      30.462021931       8.156560108
13   2     -10.836830127      34.886632632       3.750445023
13   3     -10.692005000      31.514445031      -1.365369281
14   0     -10.413809529      25.545012799      10.190168234
14   1     -10.690650715      28.382055374      13.711935514
14   2     -10.842541702      33.317696552      11.684968111
14   3     -10.691487668      30.462021931       8.156560108
15   0     -10.845878182      31.010402223     -17.158361156
15   1     -10.913884424      35.665712443     -16.508309984
15   2     -10.967637309      39.965712488     -16.515348289
15   3     -10.913823220      35.307236627     -17.251374882
16   0     -10.842541701      32.435638601     -13.947642437
16   1     -10.914242346      37.820915974     -10.781162463
16   2     -10.965947057      41.045662840     -13.279880498
16   3     -10.913884424      35.665712443     -16.508309984
17   0     -10.836830127      34.540268783      -6.173556914
17   1     -10.914461649      39.331010473      -1.008981175
17   2     -10.963252274      42.604754198      -5.595547653
17   3     -10.914242346      37.820915974     -10.781162463
18   0     -10.836830127      34.886632632       3.750445023
18   1     -10.914242346      38.324580275       8.825060642
18   2     -10.963252274      42.775861584       4.086673520
18   3     -10.914461649      39.331010473      -1.008981175
19   0     -10.842541702      33.317696552      11.684968111
19   1     -10.913884424      36.467948308      14.651146323
19   2     -10.965947058      41.480159006      11.853188372
19   3     -10.914242346      38.324580275       8.825060642
20   0     -10.967637309      39.965712488     -16.515348289
20   1     -11.080233816      45.249426782     -12.424237480
20   2     -11.443928379      50.276388684      -8.884898198
20   3     -11.079012926      45.056310065     -13.022035684
21   0     -10.965947057      41.045662840     -13.279880498
21   1     -11.087505660      46.394982088      -7.902555147
21   2     -11.440351187      50.542103133      -7.034434146
21   3     -11.080233816      45.249426782     -12.424237480
22   0     -10.963252274      42.604754198      -5.595547653
22   1     -11.092160210      47.147575913      -0.395241035
22   2     -11.434539067      50.912499717      -2.740452514
22   3     -11.087505660      46.394982088      -7.902555147
23   0     -10.963252274      42.775861584       4.086673520
23   1     -11.087505659      46.523526971       7.106769759
23   2     -11.434539067      50.920545392       2.586651224
23   3     -11.092160210      47.147575913      -0.395241035
24   0     -10.965947058      41.480159006      11.853188372
24   1     -11.080233815      45.462432369      11.620651587
24   2     -11.440351188      50.562443233       6.886710965
24   3     -11.087505659      46.523526971       7.106769759
