    Point         Spanwise       Ux              Uy               Uz
(Panel)   (Side)
     0       0        0      2.931866316      2.199079863    -1.490079001
     0       0        1      0.046966715      0.036718507     0.017012486
     0       0        2      0.019034464      0.016436771     0.013460204
     0       0        3      0.015003961      0.010146571     0.008059895
     0       0        4      0.015147407      0.007479696     0.004987913
     0       1        0      1.859093305      1.018768719    -0.826358453
     0       1        1      0.113187625      0.065402651    -0.007779200
     0       1        2      0.020891323      0.021985275     0.020447641
     0       1        3      0.014757178      0.013160499     0.013400951
     0       1        4      0.014931376      0.009346445     0.008610730
     0       2        0      1.532961856      0.593609762    -0.617810188
     0       2        1      2.907353795      1.459759224    -0.804443714
     0       2        2      0.038261999      0.033301913     0.021373547
     0       2        3      0.016978871      0.017690735     0.018622764
     0       2        4      0.015883511      0.012030677     0.012316122
     0       3        0     -0.535516222     -0.310501261     0.195311057
     0       3        1      0.132957062      0.071306935    -0.017501788
     0       3        2      0.023685398      0.023058087     0.019175732
     0       3        3      0.015980056      0.013687171     0.012793375
     0       3        4      0.015646711      0.009666181     0.008227642
     1       0        0      0.086803042      0.098832661    -0.053062047
     1       0        1      0.019928714      0.026462487     0.026743159
     1       0        2      0.010347844      0.013103242     0.016514018
     1       0        3      0.010367397      0.008323897     0.009787298
     1       0        4      0.012197666      0.006303473     0.006158874
     1       1        0     -0.065133208     -0.049410277    -0.051991712
     1       1        1     -0.015397259      0.010816370     0.029761943
     1       1        2     -0.001274962      0.011536249     0.026984083
     1       1        3      0.005157393      0.008236384     0.016886121
     1       1        4      0.009365100      0.006360292     0.010953417
     1       2        0      0.012509939     -0.047180232    -0.093237874
     1       2        1      0.093721852      0.061534815    -0.025592505
     1       2        2      0.012355339      0.022337023     0.029061858
     1       2        3      0.009861737      0.013758326     0.021351211
     1       2        4      0.012397935      0.009833160     0.013928356
     1       3        0      1.859093305      1.018768719    -0.826358453
     1       3        1      0.113187625      0.065402651    -0.007779200
     1       3        2      0.020891323      0.021985275     0.020447641
     1       3        3      0.014757178      0.013160499     0.013400951
     1       3        4      0.014931376      0.009346445     0.008610730
     2       0        0     -0.107332917     -0.030770034     0.009699576
     2       0        1     -0.028511726      0.000480960     0.030998801
     2       0        2     -0.008983417      0.003369156     0.018970963
     2       0        3     -0.000418508      0.002955240     0.011730729
     2       0        4      0.005189880      0.002797734     0.007745298
     2       1        0     -0.129586815     -0.026222245    -0.041801756
     2       1        1     -0.074713375     -0.019609266     0.026696610
     2       1        2     -0.028171322     -0.005141964     0.026022839
     2       1        3     -0.009454214     -0.001093423     0.017463943
     2       1        4      0.000114845      0.000320777     0.012023556
     2       2        0     -0.100860347     -0.049607056    -0.079113104
     2       2        1     -0.085387296     -0.031216876     0.011295354
     2       2        2     -0.029480219     -0.002187125     0.033528195
     2       2        3     -0.005931661      0.003417265     0.023859635
     2       2        4      0.003972752      0.003882452     0.015981793
     2       3        0     -0.065133208     -0.049410277    -0.051991712
     2       3        1     -0.015397259      0.010816370     0.029761943
     2       3        2     -0.001274962      0.011536249     0.026984083
     2       3        3      0.005157393      0.008236384     0.016886121
     2       3        4      0.009365100      0.006360292     0.010953417
     3       0        0     -0.100210735     -0.001313142    -0.008303750
     3       0        1     -0.053579594     -0.007414042     0.016954579
     3       0        2     -0.026670714     -0.005040547     0.014211422
     3       0        3     -0.012239797     -0.003149614     0.010033322
     3       0        4     -0.003191376     -0.001729779     0.007221839
     3       1        0     -0.085379537      0.014213781    -0.028082379
     3       1        1     -0.073959489     -0.003136768     0.008116381
     3       1        2     -0.041033418     -0.008020612     0.015857615
     3       1        3     -0.020281717     -0.006651639     0.012776758
     3       1        4     -0.008085397     -0.004750606     0.009682280
     3       2        0     -0.097369797      0.005214737    -0.058595100
     3       2        1     -0.106817263     -0.018379421     0.003031083
     3       2        2     -0.050690295     -0.013769425     0.027346184
     3       2        3     -0.019923519     -0.006746008     0.021235389
     3       2        4     -0.005528223     -0.003419686     0.015072241
     3       3        0     -0.129586815     -0.026222245    -0.041801756
     3       3        1     -0.074713375     -0.019609266     0.026696610
     3       3        2     -0.028171322     -0.005141964     0.026022839
     3       3        3     -0.009454214     -0.001093423     0.017463943
     3       3        4      0.000114845      0.000320777     0.012023556
     4       0        0     -0.073878651      0.009203709    -0.014507983
     4       0        1     -0.055374515     -0.002408804     0.002731528
     4       0        2     -0.035010512     -0.005850976     0.006961580
     4       0        3     -0.019751967     -0.005548958     0.006323248
     4       0        4     -0.009242781     -0.004314240     0.005119513
     4       1        0     -0.065413072      0.016768412    -0.021958908
     4       1        1     -0.062575704      0.003641642    -0.002217059
     4       1        2     -0.043056585     -0.005300295     0.007475298
     4       1        3     -0.024888441     -0.007166980     0.008210660
     4       1        4     -0.012360471     -0.006377348     0.007050282
     4       2        0     -0.066219778      0.021595775    -0.035626475
     4       2        1     -0.083357558      0.007376708    -0.004287586
     4       2        2     -0.055017504     -0.007631419     0.016217553
     4       2        3     -0.027710702     -0.009207546     0.015662393
     4       2        4     -0.011987765     -0.007444189     0.012183941
     4       3        0     -0.085379537      0.014213781    -0.028082379
     4       3        1     -0.073959489     -0.003136768     0.008116381
     4       3        2     -0.041033418     -0.008020612     0.015857615
     4       3        3     -0.020281717     -0.006651639     0.012776758
     4       3        4     -0.008085397     -0.004750606     0.009682280
     5       0        0      1.532961856      0.593609762    -0.617810188
     5       0        1      2.907353795      1.459759224    -0.804443714
     5       0        2      0.038261999      0.033301913     0.021373547
     5       0        3      0.016978871      0.017690735     0.018622764
     5       0        4      0.015883511      0.012030677     0.012316122
     5       1        0      0.010321484     -0.051460237    -0.076390761
     5       1        1      1.744190524      0.708605703    -0.471331033
     5       1        2      0.115422387      0.057887610     0.001073030
     5       1        3      0.020995113      0.021539736     0.024539239
     5       1        4      0.017027401      0.014335084     0.017158575
     5       2        0     -0.008257739     -0.045474136    -0.064324842
     5       2        1      1.409949799      0.444818127    -0.383206862
     5       2        2      2.804962860      1.073303643    -0.511357335
     5       2        3      0.042488326      0.030296116     0.025032982
     5       2        4      0.021088408      0.018157417     0.021963175
     5       3        0      0.023374891     -0.047595465    -0.076455901
     5       3        1     -0.551874710     -0.238742937     0.111872989
     5       3        2      0.137403829      0.064554708    -0.006177407
     5       3        3      0.023493611      0.022722498     0.023447090
     5       3        4      0.017958390      0.014933376     0.016619781
     6       0        0      0.012509939     -0.047180232    -0.093237874
     6       0        1      0.093721852      0.061534815    -0.025592505
     6       0        2      0.012355339      0.022337023     0.029061858
     6       0        3      0.009861737      0.013758326     0.021351211
     6       0        4      0.012397935      0.009833160     0.013928356
     6       1        0     -0.044570329     -0.050680244    -0.083804010
     6       1        1     -0.051827551     -0.035458362    -0.038125248
     6       1        2     -0.018949309      0.006670778     0.028146698
     6       1        3      0.000431828      0.011048617     0.030281162
     6       1        4      0.009307670      0.009142361     0.020430615
     6       2        0     -0.019303659     -0.041221834    -0.068973042
     6       2        1      0.010524072     -0.033102525    -0.074845100
     6       2        2      0.083525492      0.041957349    -0.013456160
     6       2        3      0.016265315      0.020285174     0.031679050
     6       2        4      0.015204872      0.014315410     0.024373659
     6       3        0      0.010321484     -0.051460237    -0.076390761
     6       3        1      1.744190524      0.708605703    -0.471331033
     6       3        2      0.115422387      0.057887610     0.001073030
     6       3        3      0.020995113      0.021539736     0.024539239
     6       3        4      0.017027401      0.014335084     0.017158575
     7       0        0     -0.100860347     -0.049607056    -0.079113104
     7       0        1     -0.085387296     -0.031216876     0.011295354
     7       0        2     -0.029480219     -0.002187125     0.033528195
     7       0        3     -0.005931661      0.003417265     0.023859635
     7       0        4      0.003972752      0.003882452     0.015981793
     7       1        0     -0.066551026     -0.011087147    -0.080976915
     7       1        1     -0.116878971     -0.035454967    -0.038480387
     7       1        2     -0.070411054     -0.021950657     0.027965351
     7       1        3     -0.023320248     -0.005835649     0.030539769
     7       1        4     -0.003455995     -0.000600241     0.021616691
     7       2        0     -0.036157183     -0.021241355    -0.074626339
     7       2        1     -0.088157285     -0.042211905    -0.068921543
     7       2        2     -0.079929286     -0.026048513     0.010291401
     7       2        3     -0.025725352     -0.001665655     0.035774550
     7       2        4      0.000465201      0.004419839     0.027136524
     7       3        0     -0.044570329     -0.050680244    -0.083804010
     7       3        1     -0.051827551     -0.035458362    -0.038125248
     7       3        2     -0.018949309      0.006670778     0.028146698
     7       3        3      0.000431828      0.011048617     0.030281162
     7       3        4      0.009307670      0.009142361     0.020430615
     8       0        0     -0.097369797      0.005214737    -0.058595100
     8       0        1     -0.106817263     -0.018379421     0.003031083
     8       0        2     -0.050690295     -0.013769425     0.027346184
     8       0        3     -0.019923519     -0.006746008     0.021235389
     8       0        4     -0.005528223     -0.003419686     0.015072241
     8       1        0     -0.056780965      0.019322775    -0.051417864
     8       1        1     -0.107345960      0.005746954    -0.028730561
     8       1        2     -0.080273000     -0.015476811     0.019387469
     8       1        3     -0.035135545     -0.012984903     0.024742852
     8       1        4     -0.012899097     -0.008363658     0.018535992
     8       2        0     -0.041639799      0.007639662    -0.061925860
     8       2        1     -0.102741209     -0.007934211    -0.066016229
     8       2        2     -0.103167986     -0.027423384     0.004432682
     8       2        3     -0.044682670     -0.016353087     0.032214516
     8       2        4     -0.012969601     -0.006984409     0.025618326
     8       3        0     -0.066551026     -0.011087147    -0.080976915
     8       3        1     -0.116878971     -0.035454967    -0.038480387
     8       3        2     -0.070411054     -0.021950657     0.027965351
     8       3        3     -0.023320248     -0.005835649     0.030539769
     8       3        4     -0.003455995     -0.000600241     0.021616691
     9       0        0     -0.066219778      0.021595775    -0.035626475
     9       0        1     -0.083357558      0.007376708    -0.004287586
     9       0        2     -0.055017504     -0.007631419     0.016217553
     9       0        3     -0.027710702     -0.009207546     0.015662393
     9       0        4     -0.011987765     -0.007444189     0.012183941
     9       1        0     -0.046916416      0.022912059    -0.035601288
     9       1        1     -0.078468161      0.020049721    -0.019568783
     9       1        2     -0.070914242     -0.001849547     0.011479068
     9       1        3     -0.038487339     -0.010890457     0.018365954
     9       1        4     -0.017391394     -0.010521340     0.015145171
     9       2        0     -0.036883178      0.019389604    -0.042910776
     9       2        1     -0.085413493      0.022112351    -0.044341708
     9       2        2     -0.101427473     -0.006844583     0.001918987
     9       2        3     -0.052723721     -0.017123692     0.026323891
     9       2        4     -0.020411514     -0.012896234     0.022221164
     9       3        0     -0.056780965      0.019322775    -0.051417864
     9       3        1     -0.107345960      0.005746954    -0.028730561
     9       3        2     -0.080273000     -0.015476811     0.019387469
     9       3        3     -0.035135545     -0.012984903     0.024742852
     9       3        4     -0.012899097     -0.008363658     0.018535992
    10       0        0     -0.008257739     -0.045474136    -0.064324842
    10       0        1      1.409949799      0.444818127    -0.383206862
    10       0        2      2.804962860      1.073303643    -0.511357335
    10       0        3      0.042488326      0.030296116     0.025032982
    10       0        4      0.021088408      0.018157417     0.021963175
    10       1        0     -0.008065308     -0.032751240    -0.052892608
    10       1        1      0.013160029     -0.038137609    -0.073706141
    10       1        2      1.648577390      0.531893755    -0.318687991
    10       1        3      0.131516658      0.051810148     0.007261471
    10       1        4      0.028830653      0.021780832     0.027125424
    10       2        0     -0.005370574     -0.024267520    -0.042120999
    10       2        1     -0.007902359     -0.036994518    -0.065525302
    10       2        2      1.304035849      0.337718499    -0.275195937
    10       2        3      3.220107159      1.018311032    -0.364200792
    10       2        4      0.059127983      0.031095315     0.027244401
    10       3        0     -0.006946404     -0.033832364    -0.052192289
    10       3        1      0.027907968     -0.034478638    -0.074276710
    10       3        2     -0.562682466     -0.193161438     0.070407969
    10       3        3      0.153884840      0.057849118     0.001244205
    10       3        4      0.030740684      0.022869869     0.026242462
    11       0        0     -0.019303659     -0.041221834    -0.068973042
    11       0        1      0.010524072     -0.033102525    -0.074845100
    11       0        2      0.083525492      0.041957349    -0.013456160
    11       0        3      0.016265315      0.020285174     0.031679050
    11       0        4      0.015204872      0.014315410     0.024373659
    11       1        0     -0.015313171     -0.022913855    -0.056973636
    11       1        1     -0.042215333     -0.040568060    -0.077781983
    11       1        2     -0.051332681     -0.027920231    -0.033448268
    11       1        3     -0.012393020      0.007412926     0.029982723
    11       1        4      0.010651658      0.012355696     0.032543740
    11       2        0     -0.007819227     -0.020370889    -0.044215688
    11       2        1     -0.019364197     -0.034073641    -0.068737846
    11       2        2      0.005182501     -0.026542070    -0.067701694
    11       2        3      0.110569855      0.044280693    -0.004985071
    11       2        4      0.037257696      0.022718208     0.032958255
    11       3        0     -0.008065308     -0.032751240    -0.052892608
    11       3        1      0.013160029     -0.038137609    -0.073706141
    11       3        2      1.648577390      0.531893755    -0.318687991
    11       3        3      0.131516658      0.051810148     0.007261471
    11       3        4      0.028830653      0.021780832     0.027125424
    12       0        0     -0.036157183     -0.021241355    -0.074626339
    12       0        1     -0.088157285     -0.042211905    -0.068921543
    12       0        2     -0.079929286     -0.026048513     0.010291401
    12       0        3     -0.025725352     -0.001665655     0.035774550
    12       0        4      0.000465201      0.004419839     0.027136524
    12       1        0     -0.022726903     -0.003262808    -0.055500570
    12       1        1     -0.064020012     -0.014867455    -0.081511695
    12       1        2     -0.107277100     -0.032280213    -0.035073493
    12       1        3     -0.063812609     -0.019168796     0.029896929
    12       1        4     -0.015543361     -0.004053505     0.033536102
    12       2        0     -0.012699391     -0.009605388    -0.046340533
    12       2        1     -0.035199401     -0.019716351    -0.074378621
    12       2        2     -0.082695215     -0.034433682    -0.063387887
    12       2        3     -0.072364202     -0.019721024     0.012212962
    12       2        4     -0.012201239      0.002416807     0.037927548
    12       3        0     -0.015313171     -0.022913855    -0.056973636
    12       3        1     -0.042215333     -0.040568060    -0.077781983
    12       3        2     -0.051332681     -0.027920231    -0.033448268
    12       3        3     -0.012393020      0.007412926     0.029982723
    12       3        4      0.010651658      0.012355696     0.032543740
    13       0        0     -0.041639799      0.007639662    -0.061925860
    13       0        1     -0.102741209     -0.007934211    -0.066016229
    13       0        2     -0.103167986     -0.027423384     0.004432682
    13       0        3     -0.044682670     -0.016353087     0.032214516
    13       0        4     -0.012969601     -0.006984409     0.025618326
    13       1        0     -0.025050271      0.012243799    -0.043636831
    13       1        1     -0.066188257      0.016479482    -0.065482634
    13       1        2     -0.115221868     -0.009770723    -0.034204059
    13       1        3     -0.075992067     -0.024145013     0.023928911
    13       1        4     -0.027659148     -0.015426032     0.029532947
    13       2        0     -0.016391699      0.003905642    -0.041958891
    13       2        1     -0.042902745      0.004452483    -0.070240982
    13       2        2     -0.097925315     -0.013777230    -0.066013927
    13       2        3     -0.094567049     -0.026997169     0.007279421
    13       2        4     -0.036521644     -0.014766078     0.035065156
    13       3        0     -0.022726903     -0.003262808    -0.055500570
    13       3        1     -0.064020012     -0.014867455    -0.081511695
    13       3        2     -0.107277100     -0.032280213    -0.035073493
    13       3        3     -0.063812609     -0.019168796     0.029896929
    13       3        4     -0.015543361     -0.004053505     0.033536102
    14       0        0     -0.036883178      0.019389604    -0.042910776
    14       0        1     -0.085413493      0.022112351    -0.044341708
    14       0        2     -0.101427473     -0.006844583     0.001918987
    14       0        3     -0.052723721     -0.017123692     0.026323891
    14       0        4     -0.020411514     -0.012896234     0.022221164
    14       1        0     -0.024801491      0.017066694    -0.034802981
    14       1        1     -0.057515805      0.027951707    -0.046441223
    14       1        2     -0.104259714      0.011368397    -0.023206997
    14       1        3     -0.077301464     -0.017353001     0.020719364
    14       1        4     -0.032290460     -0.018394113     0.025903854
    14       2        0     -0.017434661      0.011518040    -0.034388439
    14       2        1     -0.041945335      0.021098391    -0.055320407
    14       2        2     -0.097747252      0.010918043    -0.057365628
    14       2        3     -0.101913355     -0.021352203     0.002583280
    14       2        4     -0.045524544     -0.022507115     0.030754011
    14       3        0     -0.025050271      0.012243799    -0.043636831
    14       3        1     -0.066188257      0.016479482    -0.065482634
    14       3        2     -0.115221868     -0.009770723    -0.034204059
    14       3        3     -0.075992067     -0.024145013     0.023928911
    14       3        4     -0.027659148     -0.015426032     0.029532947
    15       0        0     -0.005370574     -0.024267520    -0.042120999
    15       0        1     -0.007902359     -0.036994518    -0.065525302
    15       0        2      1.304035849      0.337718499    -0.275195937
    15       0        3      3.220107159      1.018311032    -0.364200792
    15       0        4      0.059127983      0.031095315     0.027244401
    15       1        0     -0.004306926     -0.017249826    -0.034726180
    15       1        1     -0.009110587     -0.027387164    -0.056229352
    15       1        2      0.004760973     -0.032822563    -0.071467803
    15       1        3      1.803749238      0.500318940    -0.237417957
    15       1        4      0.181736680      0.056250606     0.009051274
    15       2        0     -0.003264179     -0.013162722    -0.028568972
    15       2        1     -0.006336209     -0.020003464    -0.046418259
    15       2        2     -0.011964099     -0.030547432    -0.066441089
    15       2        3      1.197356330      0.272211435    -0.199319844
    15       2        4      7.025244374      1.976625484    -0.263861812
    15       3        0     -0.003985951     -0.017953561    -0.034451058
    15       3        1     -0.008017070     -0.028258301    -0.055723689
    15       3        2      0.018318134     -0.030415066    -0.071415988
    15       3        3     -0.565667302     -0.160956450     0.043591507
    15       3        4      0.196223316      0.060358982     0.005022919
    16       0        0     -0.007819227     -0.020370889    -0.044215688
    16       0        1     -0.019364197     -0.034073641    -0.068737846
    16       0        2      0.005182501     -0.026542070    -0.067701694
    16       0        3      0.110569855      0.044280693    -0.004985071
    16       0        4      0.037257696      0.022718208     0.032958255
    16       1        0     -0.006549244     -0.011692501    -0.036138941
    16       1        1     -0.015839438     -0.019597086    -0.059440995
    16       1        2     -0.043021263     -0.032981857    -0.074798024
    16       1        3     -0.043040663     -0.019020715    -0.028631248
    16       1        4      0.034794143      0.019026652     0.031751189
    16       2        0     -0.004107944     -0.010955383    -0.029343556
    16       2        1     -0.008508668     -0.016787557    -0.047961527
    16       2        2     -0.021722204     -0.027727489    -0.068756301
    16       2        3      0.003883353     -0.018622455    -0.061808141
    16       2        4      0.409458550      0.126289586     0.001580306
    16       3        0     -0.004306926     -0.017249826    -0.034726180
    16       3        1     -0.009110587     -0.027387164    -0.056229352
    16       3        2      0.004760973     -0.032822563    -0.071467803
    16       3        3      1.803749238      0.500318940    -0.237417957
    16       3        4      0.181736680      0.056250606     0.009051274
    17       0        0     -0.012699391     -0.009605388    -0.046340533
    17       0        1     -0.035199401     -0.019716351    -0.074378621
    17       0        2     -0.082695215     -0.034433682    -0.063387887
    17       0        3     -0.072364202     -0.019721024     0.012212962
    17       0        4     -0.012201239      0.002416807     0.037927548
    17       1        0     -0.009537675     -0.002206868    -0.035554796
    17       1        1     -0.022662790     -0.003730974    -0.060184077
    17       1        2     -0.061283183     -0.014821143    -0.078657139
    17       1        3     -0.098916488     -0.026962447    -0.029699758
    17       1        4     -0.050627262     -0.013107745     0.031791836
    17       2        0     -0.005919098     -0.005501578    -0.030059532
    17       2        1     -0.012691177     -0.008117289    -0.049958007
    17       2        2     -0.034492496     -0.016701081    -0.072729263
    17       2        3     -0.077097074     -0.027020032    -0.058190995
    17       2        4     -0.037775242     -0.005468883     0.013374223
    17       3        0     -0.006549244     -0.011692501    -0.036138941
    17       3        1     -0.015839438     -0.019597086    -0.059440995
    17       3        2     -0.043021263     -0.032981857    -0.074798024
    17       3        3     -0.043040663     -0.019020715    -0.028631248
    17       3        4      0.034794143      0.019026652     0.031751189
    18       0        0     -0.016391699      0.003905642    -0.041958891
    18       0        1     -0.042902745      0.004452483    -0.070240982
    18       0        2     -0.097925315     -0.013777230    -0.066013927
    18       0        3     -0.094567049     -0.026997169     0.007279421
    18       0        4     -0.036521644     -0.014766078     0.035065156
    18       1        0     -0.011642702      0.006052877    -0.031507082
    18       1        1     -0.026254553      0.012038111    -0.053136312
    18       1        2     -0.067427262      0.008375499    -0.073644927
    18       1        3     -0.108443432     -0.017196868    -0.032919707
    18       1        4     -0.066529235     -0.024251764     0.026771647
    18       2        0     -0.007715085      0.001163399    -0.028590458
    18       2        1     -0.016181197      0.003595109    -0.048005600
    18       2        2     -0.041238995      0.000830450    -0.072278768
    18       2        3     -0.090829409     -0.014830773    -0.061346323
    18       2        4     -0.082853510     -0.022273904     0.010012417
    18       3        0     -0.009537675     -0.002206868    -0.035554796
    18       3        1     -0.022662790     -0.003730974    -0.060184077
    18       3        2     -0.061283183     -0.014821143    -0.078657139
    18       3        3     -0.098916488     -0.026962447    -0.029699758
    18       3        4     -0.050627262     -0.013107745     0.031791836
    19       0        0     -0.017434661      0.011518040    -0.034388439
    19       0        1     -0.041945335      0.021098391    -0.055320407
    19       0        2     -0.097747252      0.010918043    -0.057365628
    19       0        3     -0.101913355     -0.021352203     0.002583280
    19       0        4     -0.045524544     -0.022507115     0.030754011
    19       1        0     -0.012556771      0.009879252    -0.027937543
    19       1        1     -0.026840111      0.019198445    -0.045094794
    19       1        2     -0.067448964      0.022851314    -0.062768454
    19       1        3     -0.110655556     -0.006597504    -0.030516783
    19       1        4     -0.070925288     -0.026881194     0.023372018
    19       2        0     -0.008744087      0.005707247    -0.025821072
    19       2        1     -0.017694655      0.011897431    -0.042616454
    19       2        2     -0.043205464      0.015615187    -0.065758601
    19       2        3     -0.094301784     -0.000710605    -0.061215311
    19       2        4     -0.091850302     -0.024454840     0.004825667
    19       3        0     -0.011642702      0.006052877    -0.031507082
    19       3        1     -0.026254553      0.012038111    -0.053136312
    19       3        2     -0.067427262      0.008375499    -0.073644927
    19       3        3     -0.108443432     -0.017196868    -0.032919707
    19       3        4     -0.066529235     -0.024251764     0.026771647
    20       0        0     -0.003264179     -0.013162722    -0.028568972
    20       0        1     -0.006336209     -0.020003464    -0.046418259
    20       0        2     -0.011964099     -0.030547432    -0.066441089
    20       0        3      1.197356330      0.272211435    -0.199319844
    20       0        4      7.025244374      1.976625484    -0.263861812
    20       1        0     -0.003162914     -0.008401116    -0.024690143
    20       1        1     -0.005902996     -0.011979616    -0.040003942
    20       1        2     -0.014175962     -0.019741989    -0.059735817
    20       1        3     -0.027681850     -0.027546937    -0.069926992
    20       1        4      4.157477280      1.076945250    -0.245326022
    20       2        0     -0.002792612     -0.005440672    -0.020818531
    20       2        1     -0.004857785     -0.006875316    -0.033354475
    20       2        2     -0.010241546     -0.010939397    -0.049825966
    20       2        3     -0.026681926     -0.018360818    -0.068213336
    20       2        4      1.434000643      0.313489959    -0.171327092
    20       3        0     -0.003066878     -0.008734914    -0.024657580
    20       3        1     -0.005694977     -0.012501088    -0.039920439
    20       3        2     -0.013566336     -0.020460040    -0.059541676
    20       3        3     -0.022843565     -0.027566585    -0.069594183
    20       3        4     -0.551490217     -0.132655238     0.022081302
    21       0        0     -0.004107944     -0.010955383    -0.029343556
    21       0        1     -0.008508668     -0.016787557    -0.047961527
    21       0        2     -0.021722204     -0.027727489    -0.068756301
    21       0        3      0.003883353     -0.018622455    -0.061808141
    21       0        4      0.409458550      0.126289586     0.001580306
    21       1        0     -0.003855106     -0.005923772    -0.024788705
    21       1        1     -0.007347715     -0.008026282    -0.040396409
    21       1        2     -0.017889789     -0.014048170    -0.060849564
    21       1        3     -0.047365997     -0.023874552    -0.072014680
    21       1        4      0.073254558      0.020730875    -0.029476873
    21       2        0     -0.002994998     -0.004695565    -0.020878036
    21       2        1     -0.005251683     -0.005689477    -0.033507845
    21       2        2     -0.011100903     -0.009181071    -0.050196723
    21       2        3     -0.029361667     -0.016273404    -0.068859180
    21       2        4      0.047494976      0.002875868    -0.062353648
    21       3        0     -0.003162914     -0.008401116    -0.024690143
    21       3        1     -0.005902996     -0.011979616    -0.040003942
    21       3        2     -0.014175962     -0.019741989    -0.059735817
    21       3        3     -0.027681850     -0.027546937    -0.069926992
    21       3        4      4.157477280      1.076945250    -0.245326022
    22       0        0     -0.005919098     -0.005501578    -0.030059532
    22       0        1     -0.012691177     -0.008117289    -0.049958007
    22       0        2     -0.034492496     -0.016701081    -0.072729263
    22       0        3     -0.077097074     -0.027020032    -0.058190995
    22       0        4     -0.037775242     -0.005468883     0.013374223
    22       1        0     -0.004907958     -0.001989084    -0.024402112
    22       1        1     -0.009396213     -0.001478412    -0.040044408
    22       1        2     -0.022043354     -0.004042556    -0.061198119
    22       1        3     -0.058147582     -0.013281937    -0.073994353
    22       1        4     -0.080797096     -0.019020572    -0.025422967
    22       2        0     -0.003446322     -0.002971272    -0.020863578
    22       2        1     -0.006109630     -0.002899604    -0.033594617
    22       2        2     -0.012837488     -0.004945386    -0.050653861
    22       2        3     -0.033814594     -0.010925484    -0.069917048
    22       2        4     -0.056322546     -0.015739752    -0.056019338
    22       3        0     -0.003855106     -0.005923772    -0.024788705
    22       3        1     -0.007347715     -0.008026282    -0.040396409
    22       3        2     -0.017889789     -0.014048170    -0.060849564
    22       3        3     -0.047365997     -0.023874552    -0.072014680
    22       3        4      0.073254558      0.020730875    -0.029476873
    23       0        0     -0.007715085      0.001163399    -0.028590458
    23       0        1     -0.016181197      0.003595109    -0.048005600
    23       0        2     -0.041238995      0.000830450    -0.072278768
    23       0        3     -0.090829409     -0.014830773    -0.061346323
    23       0        4     -0.082853510     -0.022273904     0.010012417
    23       1        0     -0.005896619      0.001709500    -0.023367405
    23       1        1     -0.011205149      0.004888028    -0.038309204
    23       1        2     -0.025282383      0.006287545    -0.059372123
    23       1        3     -0.063515096     -0.001184334    -0.073555891
    23       1        4     -0.095739737     -0.018427783    -0.027012524
    23       2        0     -0.003963790     -0.000872448    -0.020539654
    23       2        1     -0.007056160      0.000564699    -0.033129186
    23       2        2     -0.014558904      0.000497126    -0.050322114
    23       2        3     -0.037191145     -0.003670218    -0.070258833
    23       2        4     -0.076289263     -0.014134655    -0.056546751
    23       3        0     -0.004907958     -0.001989084    -0.024402112
    23       3        1     -0.009396213     -0.001478412    -0.040044408
    23       3        2     -0.022043354     -0.004042556    -0.061198119
    23       3        3     -0.058147582     -0.013281937    -0.073994353
    23       3        4     -0.080797096     -0.019020572    -0.025422967
    24       0        0     -0.008744087      0.005707247    -0.025821072
    24       0        1     -0.017694655      0.011897431    -0.042616454
    24       0        2     -0.043205464      0.015615187    -0.065758601
    24       0        3     -0.094301784     -0.000710605    -0.061215311
    24       0        4     -0.091850302     -0.024454840     0.004825667
    24       1        0     -0.006486019      0.003814478    -0.022444618
    24       1        1     -0.012230913      0.008514347    -0.036531827
    24       1        2     -0.027110777      0.012568469    -0.056871085
    24       1        3     -0.066415073      0.006591759    -0.071636041
    24       1        4     -0.099323008     -0.016291753    -0.027161281
    24       2        0     -0.004345184      0.000756288    -0.020044391
    24       2        1     -0.007725373      0.003279526    -0.032287493
    24       2        2     -0.015670567      0.004914115    -0.049268409
    24       2        3     -0.038917424      0.002488744    -0.069657840
    24       2        4     -0.081904618     -0.010222675    -0.057523103
    24       3        0     -0.005896619      0.001709500    -0.023367405
    24       3        1     -0.011205149      0.004888028    -0.038309204
    24       3        2     -0.025282383      0.006287545    -0.059372123
    24       3        3     -0.063515096     -0.001184334    -0.073555891
    24       3        4     -0.095739737     -0.018427783    -0.027012524
