-0.533317514      0.927521083      0.978385187
-0.420639407      0.759465447      1.113887413
-0.160669941      0.305478988      1.313093874
0.160669984      -0.305479068      1.313093856
0.420639433      -0.759465489      1.113887385
-0.521914483      1.145591362      1.653655227
-0.411645582      0.925123549      1.786365472
-0.157234606      0.365145382      1.978288156
0.157234648      -0.365145478      1.978288138
0.411645608      -0.925123602      1.786365444
-0.467814765      1.318628276      2.327698871
-0.368975929      1.057840076      2.457221385
-0.140936250      0.413739129      2.643063090
0.140936288      -0.413739238      2.643063072
0.368975952      -1.057840138      2.457221358
-0.399250430      1.394612869      3.033580398
-0.314897710      1.113035101      3.147810025
-0.120280211      0.432221561      3.310700773
0.120280243      -0.432221675      3.310700758
0.314897730      -1.113035168      3.147810001
-0.280649426      1.175325380      3.825878070
-0.221354455      0.932232061      3.892258488
-0.084549870      0.358899143      3.986216773
0.084549893      -0.358899238      3.986216764
0.221354469      -0.932232118      3.892258474
