#     S_Distr        Radius
  0.850500000   0.850500000
  0.857810000   0.857810000
  0.865130000   0.865130000
  0.872440000   0.872440000
  0.879750000   0.879750000
  0.887070000   0.887070000
  0.894380000   0.894380000
  0.901700000   0.901700000
  0.909010000   0.909010000
  0.916320000   0.916320000
  0.923640000   0.923640000
  0.930950000   0.930950000
  0.938260000   0.938260000
  0.945580000   0.945580000
  0.952890000   0.952890000
  0.960200000   0.960200000
  0.967520000   0.967520000
  0.974830000   0.974830000
  0.982150000   0.982150000
  0.989460000   0.989460000
  0.996770000   0.996770000
  1.004090000   1.004090000
  1.011400000   1.011400000
  1.018710000   1.018710000
  1.026030000   1.026030000
  1.033340000   1.033340000
  1.040650000   1.040650000
  1.047970000   1.047970000
  1.055280000   1.055280000
  1.062600000   1.062600000
  1.069910000   1.069910000
  1.077220000   1.077220000
  1.084540000   1.084540000
  1.091850000   1.091850000
  1.099160000   1.099160000
  1.106480000   1.106480000
  1.113790000   1.113790000
  1.121100000   1.121100000
  1.128420000   1.128420000
  1.135730000   1.135730000
  1.143050000   1.143050000
  1.150360000   1.150360000
  1.157670000   1.157670000
  1.164990000   1.164990000
  1.172300000   1.172300000
  1.179610000   1.179610000
  1.186930000   1.186930000
  1.194240000   1.194240000
  1.201550000   1.201550000
  1.208870000   1.208870000
  1.216180000   1.216180000
  1.223490000   1.223490000
  1.230810000   1.230810000
  1.238120000   1.238120000
  1.245440000   1.245440000
  1.252750000   1.252750000
  1.260060000   1.260060000
  1.267380000   1.267380000
  1.274690000   1.274690000
  1.282000000   1.282000000
  1.289320000   1.289320000
  1.296630000   1.296630000
  1.303940000   1.303940000
  1.311260000   1.311260000
  1.318570000   1.318570000
  1.325890000   1.325890000
  1.333200000   1.333200000
  1.340510000   1.340510000
  1.347830000   1.347830000
  1.355140000   1.355140000
  1.362450000   1.362450000
  1.369770000   1.369770000
  1.377080000   1.377080000
  1.384390000   1.384390000
  1.391710000   1.391710000
  1.399020000   1.399020000
  1.406340000   1.406340000
  1.413650000   1.413650000
  1.420960000   1.420960000
  1.428280000   1.428280000
  1.435590000   1.435590000
  1.442900000   1.442900000
  1.450220000   1.450220000
  1.457530000   1.457530000
  1.464840000   1.464840000
  1.472160000   1.472160000
  1.479470000   1.479470000
  1.486790000   1.486790000
  1.494100000   1.494100000
  1.501410000   1.501410000
  1.508730000   1.508730000
  1.516040000   1.516040000
  1.523350000   1.523350000
  1.530670000   1.530670000
  1.537980000   1.537980000
  1.545290000   1.545290000
  1.552610000   1.552610000
  1.559920000   1.559920000
  1.567240000   1.567240000
  1.574550000   1.574550000
  1.581860000   1.581860000
  1.589180000   1.589180000
  1.596490000   1.596490000
  1.603800000   1.603800000
  1.611120000   1.611120000
  1.618430000   1.618430000
  1.625740000   1.625740000
  1.633060000   1.633060000
  1.640370000   1.640370000
  1.647690000   1.647690000
  1.655000000   1.655000000
  1.662310000   1.662310000
  1.669630000   1.669630000
  1.676940000   1.676940000
  1.684250000   1.684250000
  1.691570000   1.691570000
  1.698880000   1.698880000
  1.706190000   1.706190000
  1.713510000   1.713510000
  1.720820000   1.720820000
  1.728140000   1.728140000
  1.735450000   1.735450000
  1.742760000   1.742760000
  1.750080000   1.750080000
  1.757390000   1.757390000
  1.764700000   1.764700000
  1.772020000   1.772020000
  1.779330000   1.779330000
  1.786640000   1.786640000
  1.793960000   1.793960000
  1.801270000   1.801270000
  1.808590000   1.808590000
  1.815900000   1.815900000
  1.823210000   1.823210000
  1.830530000   1.830530000
  1.837840000   1.837840000
  1.845150000   1.845150000
  1.852470000   1.852470000
  1.859780000   1.859780000
  1.867090000   1.867090000
  1.874410000   1.874410000
  1.881720000   1.881720000
  1.889040000   1.889040000
  1.896350000   1.896350000
  1.903660000   1.903660000
  1.910980000   1.910980000
  1.918290000   1.918290000
  1.925600000   1.925600000
  1.932920000   1.932920000
  1.940230000   1.940230000
  1.947540000   1.947540000
  1.954860000   1.954860000
  1.962170000   1.962170000
  1.969480000   1.969480000
  1.976800000   1.976800000
  1.984110000   1.984110000
  1.991430000   1.991430000
  1.998740000   1.998740000
  2.006050000   2.006050000
  2.013370000   2.013370000
  2.020680000   2.020680000
  2.027990000   2.027990000
  2.035310000   2.035310000
  2.042620000   2.042620000
  2.049930000   2.049930000
  2.057250000   2.057250000
  2.064560000   2.064560000
  2.071880000   2.071880000
  2.079190000   2.079190000
  2.086500000   2.086500000
  2.093820000   2.093820000
  2.101130000   2.101130000
  2.108440000   2.108440000
  2.115760000   2.115760000
  2.123070000   2.123070000
  2.130380000   2.130380000
  2.137700000   2.137700000
  2.145010000   2.145010000
  2.152330000   2.152330000
  2.159640000   2.159640000
  2.166950000   2.166950000
  2.174270000   2.174270000
  2.181580000   2.181580000
  2.188890000   2.188890000
  2.196210000   2.196210000
  2.203520000   2.203520000
  2.210830000   2.210830000
  2.218150000   2.218150000
  2.225460000   2.225460000
  2.232780000   2.232780000
  2.240090000   2.240090000
  2.247400000   2.247400000
  2.254720000   2.254720000
  2.262030000   2.262030000
  2.269340000   2.269340000
  2.276660000   2.276660000
  2.283970000   2.283970000
  2.291280000   2.291280000
  2.298600000   2.298600000
  2.305910000   2.305910000
  2.313230000   2.313230000
  2.320540000   2.320540000
  2.327850000   2.327850000
  2.335170000   2.335170000
  2.342480000   2.342480000
  2.349790000   2.349790000
  2.357110000   2.357110000
  2.364420000   2.364420000
  2.371730000   2.371730000
  2.379050000   2.379050000
  2.386360000   2.386360000
  2.393680000   2.393680000
  2.400990000   2.400990000
  2.408300000   2.408300000
  2.415620000   2.415620000
  2.422930000   2.422930000
  2.430240000   2.430240000
  2.437560000   2.437560000
  2.444870000   2.444870000
  2.452180000   2.452180000
  2.459500000   2.459500000
  2.466810000   2.466810000
  2.474130000   2.474130000
  2.481440000   2.481440000
  2.488750000   2.488750000
  2.496070000   2.496070000
  2.503380000   2.503380000
  2.510690000   2.510690000
  2.518010000   2.518010000
  2.525320000   2.525320000
  2.532630000   2.532630000
  2.539950000   2.539950000
  2.547260000   2.547260000
  2.554580000   2.554580000
  2.561890000   2.561890000
  2.569200000   2.569200000
  2.576520000   2.576520000
  2.583830000   2.583830000
  2.591140000   2.591140000
  2.598460000   2.598460000
  2.605770000   2.605770000
  2.613080000   2.613080000
  2.620400000   2.620400000
  2.627710000   2.627710000
  2.635030000   2.635030000
  2.642340000   2.642340000
  2.649650000   2.649650000
  2.656970000   2.656970000
  2.664280000   2.664280000
  2.671590000   2.671590000
  2.678910000   2.678910000
  2.686220000   2.686220000
  2.693530000   2.693530000
  2.700850000   2.700850000
  2.708160000   2.708160000
  2.715470000   2.715470000
  2.722790000   2.722790000
  2.730100000   2.730100000
  2.737420000   2.737420000
  2.744730000   2.744730000
  2.752040000   2.752040000
  2.759360000   2.759360000
  2.766670000   2.766670000
  2.773980000   2.773980000
  2.781300000   2.781300000
  2.788610000   2.788610000
  2.795920000   2.795920000
  2.803240000   2.803240000
  2.810550000   2.810550000
  2.817870000   2.817870000
  2.825180000   2.825180000
  2.832490000   2.832490000
  2.839810000   2.839810000
  2.847120000   2.847120000
  2.854430000   2.854430000
  2.861750000   2.861750000
  2.869060000   2.869060000
  2.876370000   2.876370000
  2.883690000   2.883690000
  2.891000000   2.891000000
  2.898320000   2.898320000
  2.905630000   2.905630000
  2.912940000   2.912940000
  2.920260000   2.920260000
  2.927570000   2.927570000
  2.934880000   2.934880000
  2.942200000   2.942200000
  2.949510000   2.949510000
  2.956820000   2.956820000
  2.964140000   2.964140000
  2.971450000   2.971450000
  2.978770000   2.978770000
  2.986080000   2.986080000
  2.993390000   2.993390000
  3.000710000   3.000710000
  3.008020000   3.008020000
  3.015330000   3.015330000
  3.022650000   3.022650000
  3.029960000   3.029960000
  3.037270000   3.037270000
  3.044590000   3.044590000
  3.051900000   3.051900000
  3.059220000   3.059220000
  3.066530000   3.066530000
  3.073840000   3.073840000
  3.081160000   3.081160000
  3.088470000   3.088470000
  3.095780000   3.095780000
  3.103100000   3.103100000
  3.110410000   3.110410000
  3.117720000   3.117720000
  3.125040000   3.125040000
  3.132350000   3.132350000
  3.139670000   3.139670000
  3.146980000   3.146980000
  3.154290000   3.154290000
  3.161610000   3.161610000
  3.168920000   3.168920000
  3.176230000   3.176230000
  3.183550000   3.183550000
  3.190860000   3.190860000
  3.198170000   3.198170000
  3.205490000   3.205490000
  3.212800000   3.212800000
  3.220120000   3.220120000
  3.227430000   3.227430000
  3.234740000   3.234740000
  3.242060000   3.242060000
  3.249370000   3.249370000
  3.256680000   3.256680000
  3.264000000   3.264000000
  3.271310000   3.271310000
  3.278620000   3.278620000
  3.285940000   3.285940000
  3.293250000   3.293250000
  3.300570000   3.300570000
  3.307880000   3.307880000
  3.315190000   3.315190000
  3.322510000   3.322510000
  3.329820000   3.329820000
  3.337130000   3.337130000
  3.344450000   3.344450000
  3.351760000   3.351760000
  3.359070000   3.359070000
  3.366390000   3.366390000
  3.373700000   3.373700000
  3.381020000   3.381020000
  3.388330000   3.388330000
  3.395640000   3.395640000
  3.402960000   3.402960000
  3.410270000   3.410270000
  3.417580000   3.417580000
  3.424900000   3.424900000
  3.432210000   3.432210000
  3.439520000   3.439520000
  3.446840000   3.446840000
  3.454150000   3.454150000
  3.461460000   3.461460000
  3.468780000   3.468780000
  3.476090000   3.476090000
  3.483410000   3.483410000
  3.490720000   3.490720000
  3.498030000   3.498030000
  3.505350000   3.505350000
  3.512660000   3.512660000
  3.519970000   3.519970000
  3.527290000   3.527290000
  3.534600000   3.534600000
  3.541910000   3.541910000
  3.549230000   3.549230000
  3.556540000   3.556540000
  3.563860000   3.563860000
  3.571170000   3.571170000
  3.578480000   3.578480000
  3.585800000   3.585800000
  3.593110000   3.593110000
  3.600420000   3.600420000
  3.607740000   3.607740000
  3.615050000   3.615050000
  3.622360000   3.622360000
  3.629680000   3.629680000
  3.636990000   3.636990000
  3.644310000   3.644310000
  3.651620000   3.651620000
  3.658930000   3.658930000
  3.666250000   3.666250000
  3.673560000   3.673560000
  3.680870000   3.680870000
  3.688190000   3.688190000
  3.695500000   3.695500000
  3.702810000   3.702810000
  3.710130000   3.710130000
  3.717440000   3.717440000
  3.724760000   3.724760000
  3.732070000   3.732070000
  3.739380000   3.739380000
  3.746700000   3.746700000
  3.754010000   3.754010000
  3.761320000   3.761320000
  3.768640000   3.768640000
  3.775950000   3.775950000
  3.783260000   3.783260000
  3.790580000   3.790580000
  3.797890000   3.797890000
  3.805210000   3.805210000
  3.812520000   3.812520000
  3.819830000   3.819830000
  3.827150000   3.827150000
  3.834460000   3.834460000
  3.841770000   3.841770000
  3.849090000   3.849090000
  3.856400000   3.856400000
  3.863710000   3.863710000
  3.871030000   3.871030000
  3.878340000   3.878340000
  3.885660000   3.885660000
  3.892970000   3.892970000
  3.900280000   3.900280000
  3.907600000   3.907600000
  3.914910000   3.914910000
  3.922220000   3.922220000
  3.929540000   3.929540000
  3.936850000   3.936850000
  3.944160000   3.944160000
  3.951480000   3.951480000
  3.958790000   3.958790000
  3.966110000   3.966110000
  3.973420000   3.973420000
  3.980730000   3.980730000
  3.988050000   3.988050000
  3.995360000   3.995360000
  4.002670000   4.002670000
  4.009990000   4.009990000
  4.017300000   4.017300000
  4.024610000   4.024610000
  4.031930000   4.031930000
  4.039240000   4.039240000
  4.046560000   4.046560000
  4.053870000   4.053870000
  4.061180000   4.061180000
  4.068500000   4.068500000
  4.075810000   4.075810000
  4.083120000   4.083120000
  4.090440000   4.090440000
  4.097750000   4.097750000
  4.105060000   4.105060000
  4.112380000   4.112380000
  4.119690000   4.119690000
  4.127010000   4.127010000
  4.134320000   4.134320000
  4.141630000   4.141630000
  4.148950000   4.148950000
  4.156260000   4.156260000
  4.163570000   4.163570000
  4.170890000   4.170890000
  4.178200000   4.178200000
  4.185510000   4.185510000
  4.192830000   4.192830000
  4.200140000   4.200140000
  4.207450000   4.207450000
  4.214770000   4.214770000
  4.222080000   4.222080000
  4.229400000   4.229400000
  4.236710000   4.236710000
  4.244020000   4.244020000
  4.251340000   4.251340000
  4.258650000   4.258650000
  4.265960000   4.265960000
  4.273280000   4.273280000
  4.280590000   4.280590000
  4.287900000   4.287900000
  4.295220000   4.295220000
  4.302530000   4.302530000
  4.309850000   4.309850000
  4.317160000   4.317160000
  4.324470000   4.324470000
  4.331790000   4.331790000
  4.339100000   4.339100000
  4.346410000   4.346410000
  4.353730000   4.353730000
  4.361040000   4.361040000
  4.368350000   4.368350000
  4.375670000   4.375670000
  4.382980000   4.382980000
  4.390300000   4.390300000
  4.397610000   4.397610000
  4.404920000   4.404920000
  4.412240000   4.412240000
  4.419550000   4.419550000
  4.426860000   4.426860000
  4.434180000   4.434180000
  4.441490000   4.441490000
  4.448800000   4.448800000
  4.456120000   4.456120000
  4.463430000   4.463430000
  4.470750000   4.470750000
  4.478060000   4.478060000
  4.485370000   4.485370000
  4.492690000   4.492690000
  4.500000000   4.500000000
