 -0.649896626        0.875638730        1.025080363
 -0.512587950        0.713352679        1.143967171
 -0.195791156        0.284958625        1.317699327
  0.195791208       -0.284958699        1.317699311
  0.512587982       -0.713352719        1.143967147
 -0.574696532        1.125797448        1.667193835
 -0.453275960        0.908287062        1.794984621
 -0.173135994        0.358038343        1.979586756
  0.173136040       -0.358038437        1.979586739
  0.453275988       -0.908287115        1.794984595
 -0.503705131        1.307561410        2.333933530
 -0.397283460        1.048630638        2.461165648
 -0.151748764        0.409958008        2.643652207
  0.151748805       -0.409958116        2.643652191
  0.397283485       -1.048630699        2.461165622
 -0.428185654        1.387026584        3.037056526
 -0.337719566        1.106827720        3.149998013
 -0.128997383        0.429728605        3.311025281
  0.128997418       -0.429728718        3.311025267
  0.337719587       -1.106827787        3.149997990
 -0.301256460        1.170509789        3.827354123
 -0.237607683        0.928368284        3.893181871
 -0.090758050        0.357387840        3.986352554
  0.090758074       -0.357387934        3.986352545
  0.237607697       -0.928368341        3.893181857
