Point Spanwise Ux              Uy              Uz   
 (Panel)  (Side)
 0    0    0  -3.127260036  -2.337542313   1.610315891
 0    0    1   0.047511813  -0.015000392  -0.015863843
 0    0    2   0.024358724  -0.007040615  -0.005682173
 0    0    3   0.013432422  -0.002646539  -0.002227442
 0    0    4   0.006048795  -0.000888690  -0.000768599
 0    1    0  -2.826829847  -1.628604871   1.231088840
 0    1    1   0.116682441   0.020652968  -0.042424975
 0    1    2   0.031677831  -0.007154211  -0.007982027
 0    1    3   0.015794295  -0.003102805  -0.003006961
 0    1    4   0.006794540  -0.001051622  -0.001016410
 0    2    0  -2.074378120  -0.944305377   0.788640949
 0    2    1  -3.097494671  -1.555126754   0.870848913
 0    2    2   0.046780858  -0.004118914  -0.010078003
 0    2    3   0.019080605  -0.003676996  -0.003542863
 0    2    4   0.007716084  -0.001303807  -0.001174274
 0    3    0  -0.456477569  -0.299212383   0.240588580
 0    3    1   0.096473684   0.011722155  -0.036009389
 0    3    2   0.029668541  -0.008454332  -0.007776983
 0    3    3   0.015319891  -0.003524090  -0.003020396
 0    3    4   0.006672572  -0.001182649  -0.001027266
 1    0    0  -0.419204447  -0.358390038   0.216923787
 1    0    1   0.069081616  -0.003140562  -0.018468578
 1    0    2   0.028654101  -0.003885628  -0.005475535
 1    0    3   0.014687943  -0.001559304  -0.002046413
 1    0    4   0.006422770  -0.000539246  -0.000704150
 1    1    0  -0.806208209  -0.573315816   0.265916739
 1    1    1   0.236272894   0.090786428  -0.049155881
 1    1    2   0.045409949   0.002690483  -0.006700742
 1    1    3   0.018953934  -0.000262759  -0.002293372
 1    1    4   0.007609773  -0.000217798  -0.000792012
 1    2    0  -0.408948614  -0.252926661   0.172936446
 1    2    1  -0.416242883  -0.228538986   0.114202732
 1    2    2   0.066837813   0.007309185  -0.011561235
 1    2    3   0.022335632  -0.000842200  -0.003426042
 1    2    4   0.008392971  -0.000511351  -0.001116091
 1    3    0  -2.826829847  -1.628604871   1.231088840
 1    3    1   0.116682441   0.020652968  -0.042424975
 1    3    2   0.031677831  -0.007154211  -0.007982027
 1    3    3   0.015794295  -0.003102805  -0.003006961
 1    3    4   0.006794540  -0.001051622  -0.001016410
 2    0    0  -0.168632366  -0.215624466   0.043530520
 2    0    1   0.093860853   0.018397906  -0.006118784
 2    0    2   0.034356600   0.001615834  -0.001594940
 2    0    3   0.016404991   0.000189006  -0.000654915
 2    0    4   0.006961802   0.000001583  -0.000274471
 2    1    0  -0.549493142  -0.470504813  -0.011653761
 2    1    1   0.221627929   0.098005757   0.003127253
 2    1    2   0.048692957   0.007927229   0.002112089
 2    1    3   0.020272372   0.001380344   0.000758730
 2    1    4   0.008104474   0.000268777   0.000162876
 2    2    0  -0.200191235  -0.196940642   0.038180097
 2    2    1  -0.185867428  -0.115527950   0.019984947
 2    2    2   0.085792499   0.024117476  -0.004243229
 2    2    3   0.026873272   0.003274490  -0.001139364
 2    2    4   0.009590416   0.000530522  -0.000472005
 2    3    0  -0.806208209  -0.573315816   0.265916739
 2    3    1   0.236272894   0.090786428  -0.049155881
 2    3    2   0.045409949   0.002690483  -0.006700742
 2    3    3   0.018953934  -0.000262759  -0.002293372
 2    3    4   0.007609773  -0.000217798  -0.000792012
 3    0    0  -0.133075213  -0.171087573  -0.037041624
 3    0    1   0.071086014   0.003822757   0.015203922
 3    0    2   0.030587073  -0.000584795   0.004928193
 3    0    3   0.015545852  -0.000269515   0.001700145
 3    0    4   0.006807462  -0.000075500   0.000490217
 3    1    0  -0.373413143  -0.273213680  -0.142976300
 3    1    1   0.102062893   0.015239481   0.029363743
 3    1    2   0.031869727  -0.005877778   0.008973838
 3    1    3   0.016406524  -0.001974494   0.003319490
 3    1    4   0.007195952  -0.000497737   0.001010655
 3    2    0  -0.129555856  -0.141333068  -0.064778777
 3    2    1  -0.118869222  -0.093578098  -0.023268769
 3    2    2   0.065922212   0.012023711   0.006260254
 3    2    3   0.023719525   0.001542963   0.002510158
 3    2    4   0.009108514   0.000313043   0.000788773
 3    3    0  -0.549493142  -0.470504813  -0.011653761
 3    3    1   0.221627929   0.098005757   0.003127253
 3    3    2   0.048692957   0.007927229   0.002112089
 3    3    3   0.020272372   0.001380344   0.000758730
 3    3    4   0.008104474   0.000268777   0.000162876
 4    0    0  -0.108091538  -0.090171590  -0.054208497
 4    0    1   0.030523339  -0.018368529   0.019234460
 4    0    2   0.021340643  -0.007142018   0.007553016
 4    0    3   0.012885949  -0.002441796   0.002796425
 4    0    4   0.006088700  -0.000714210   0.000865084
 4    1    0  -0.127250475  -0.064908815  -0.084997311
 4    1    1   0.019077376  -0.021806189   0.018695695
 4    1    2   0.018130403  -0.014366395   0.010312217
 4    1    3   0.012886012  -0.005037244   0.004100635
 4    1    4   0.006304701  -0.001430454   0.001251203
 4    2    0  -0.058901546  -0.039311666  -0.078539206
 4    2    1  -0.084478949  -0.071693999  -0.032863990
 4    2    2   0.032703254  -0.013117707   0.010125223
 4    2    3   0.017301813  -0.004806600   0.004286820
 4    2    4   0.007675305  -0.001158478   0.001317090
 4    3    0  -0.373413143  -0.273213680  -0.142976300
 4    3    1   0.102062893   0.015239481   0.029363743
 4    3    2   0.031869727  -0.005877778   0.008973838
 4    3    3   0.016406524  -0.001974494   0.003319490
 4    3    4   0.007195952  -0.000497737   0.001010655
 5    0    0  -2.074378120  -0.944305377   0.788640949
 5    0    1  -3.097494671  -1.555126754   0.870848913
 5    0    2   0.046780858  -0.004118914  -0.010078003
 5    0    3   0.019080605  -0.003676996  -0.003542863
 5    0    4   0.007716084  -0.001303807  -0.001174274
 5    1    0   0.152659217   0.066399366  -0.003996694
 5    1    1  -2.745743404  -1.171782352   0.706640610
 5    1    2   0.128755642   0.029094312  -0.027515848
 5    1    3   0.026793202  -0.001634928  -0.004478646
 5    1    4   0.009276158  -0.001014948  -0.001314852
 5    2    0   0.051944163   0.017643335   0.008377994
 5    2    1  -1.917729105  -0.702135319   0.459338670
 5    2    2  -3.013356090  -1.148462465   0.560863527
 5    2    3   0.042668338   0.003247382  -0.006018834
 5    2    4   0.011410546  -0.000578204  -0.001358090
 5    3    0   0.141967297   0.062169480  -0.003156468
 5    3    1  -0.473467230  -0.228165811   0.142934052
 5    3    2   0.106471438   0.020317505  -0.022816808
 5    3    3   0.025057279  -0.002787055  -0.004256704
 5    3    4   0.008991830  -0.001313096  -0.001282766
 6    0    0  -0.408948614  -0.252926661   0.172936446
 6    0    1  -0.416242883  -0.228538986   0.114202732
 6    0    2   0.066837813   0.007309185  -0.011561235
 6    0    3   0.022335632  -0.000842200  -0.003426042
 6    0    4   0.008392971  -0.000511351  -0.001116091
 6    1    0   0.182761398   0.068754366  -0.001650920
 6    1    1  -0.852317828  -0.413156798   0.153756062
 6    1    2   0.250804761   0.088308988  -0.032612313
 6    1    3   0.039500096   0.005988689  -0.004362013
 6    1    4   0.011596884   0.000714530  -0.001292635
 6    2    0   0.060811617   0.018027119   0.006584099
 6    2    1  -0.393758598  -0.182131205   0.095988657
 6    2    2  -0.407832506  -0.162205979   0.072507237
 6    2    3   0.062093997   0.011882965  -0.008115232
 6    2    4   0.013818798   0.001002270  -0.001727934
 6    3    0   0.152659217   0.066399366  -0.003996694
 6    3    1  -2.745743404  -1.171782352   0.706640610
 6    3    2   0.128755642   0.029094312  -0.027515848
 6    3    3   0.026793202  -0.001634928  -0.004478646
 6    3    4   0.009276158  -0.001014948  -0.001314852
 7    0    0  -0.200191235  -0.196940642   0.038180097
 7    0    1  -0.185867428  -0.115527950   0.019984947
 7    0    2   0.085792499   0.024117476  -0.004243229
 7    0    3   0.026873272   0.003274490  -0.001139364
 7    0    4   0.009590416   0.000530522  -0.000472005
 7    1    0   0.156510768   0.046001153  -0.009708963
 7    1    1  -0.592202631  -0.315984879  -0.003673862
 7    1    2   0.225410425   0.088991602   0.000543042
 7    1    3   0.042333706   0.009416386   0.000851963
 7    1    4   0.013116932   0.001600094   0.000242904
 7    2    0   0.067508260   0.013017607   0.000173655
 7    2    1  -0.210651173  -0.125046531   0.019940171
 7    2    2  -0.197240655  -0.079245278   0.012356352
 7    2    3   0.081247533   0.022968444  -0.003459113
 7    2    4   0.018598761   0.003072450  -0.000949015
 7    3    0   0.182761398   0.068754366  -0.001650920
 7    3    1  -0.852317828  -0.413156798   0.153756062
 7    3    2   0.250804761   0.088308988  -0.032612313
 7    3    3   0.039500096   0.005988689  -0.004362013
 7    3    4   0.011596884   0.000714530  -0.001292635
 8    0    0  -0.129555856  -0.141333068  -0.064778777
 8    0    1  -0.118869222  -0.093578098  -0.023268769
 8    0    2   0.065922212   0.012023711   0.006260254
 8    0    3   0.023719525   0.001542963   0.002510158
 8    0    4   0.009108514   0.000313043   0.000788773
 8    1    0   0.088698714   0.031618667  -0.029008543
 8    1    1  -0.362573053  -0.201912183  -0.085350764
 8    1    2   0.117290401   0.024824236   0.014167507
 8    1    3   0.027571523  -0.000482710   0.003859154
 8    1    4   0.010085509  -0.000117358   0.001312209
 8    2    0   0.052268739   0.007201093  -0.014768545
 8    2    1  -0.122809933  -0.088334940  -0.029007364
 8    2    2  -0.122432934  -0.057203677  -0.014526253
 8    2    3   0.060876595   0.014869379   0.003345587
 8    2    4   0.016094400   0.002370934   0.001177519
 8    3    0   0.156510768   0.046001153  -0.009708963
 8    3    1  -0.592202631  -0.315984879  -0.003673862
 8    3    2   0.225410425   0.088991602   0.000543042
 8    3    3   0.042333706   0.009416386   0.000851963
 8    3    4   0.013116932   0.001600094   0.000242904
 9    0    0  -0.058901546  -0.039311666  -0.078539206
 9    0    1  -0.084478949  -0.071693999  -0.032863990
 9    0    2   0.032703254  -0.013117707   0.010125223
 9    0    3   0.017301813  -0.004806600   0.004286820
 9    0    4   0.007675305  -0.001158478   0.001317090
 9    1    0   0.038029564   0.028383452  -0.034328454
 9    1    1  -0.116487017  -0.066844290  -0.059532940
 9    1    2   0.032248992  -0.018600130   0.007347758
 9    1    3   0.016928054  -0.009939047   0.004592799
 9    1    4   0.008089051  -0.002398111   0.001469008
 9    2    0   0.029156506   0.011021634  -0.024643390
 9    2    1  -0.038860883  -0.039020692  -0.048846365
 9    2    2  -0.063455414  -0.048261664  -0.024835160
 9    2    3   0.032538920  -0.002880313   0.003411962
 9    2    4   0.010982467  -0.000814485   0.001287877
 9    3    0   0.088698714   0.031618667  -0.029008543
 9    3    1  -0.362573053  -0.201912183  -0.085350764
 9    3    2   0.117290401   0.024824236   0.014167507
 9    3    3   0.027571523  -0.000482710   0.003859154
 9    3    4   0.010085509  -0.000117358   0.001312209
10    0    0   0.051944163   0.017643335   0.008377994
10    0    1  -1.917729105  -0.702135319   0.459338670
10    0    2  -3.013356090  -1.148462465   0.560863527
10    0    3   0.042668338   0.003247382  -0.006018834
10    0    4   0.011410546  -0.000578204  -0.001358090
10    1    0   0.028361938   0.007371472   0.006418639
10    1    1   0.174183466   0.055117858  -0.011533193
10    1    2  -2.666572581  -0.899144828   0.469740420
10    1    3   0.121927313   0.030916974  -0.019672480
10    1    4   0.016385126   0.001459849  -0.001866546
10    2    0   0.017542238   0.003524780   0.004089275
10    2    1   0.057969935   0.013969788   0.001598753
10    2    2  -1.787741580  -0.535499803   0.301140744
10    2    3  -3.442532807  -1.077545366   0.402677994
10    2    4   0.025317717   0.004723612  -0.002505233
10    3    0   0.027712474   0.007599720   0.006761762
10    3    1   0.162295708   0.050564517  -0.010408183
10    3    2  -0.477761269  -0.178736126   0.094304805
10    3    3   0.099846210   0.023728402  -0.015578556
10    3    4   0.015220167   0.000841385  -0.001599605
11    0    0   0.060811617   0.018027119   0.006584099
11    0    1  -0.393758598  -0.182131205   0.095988657
11    0    2  -0.407832506  -0.162205979   0.072507237
11    0    3   0.062093997   0.011882965  -0.008115232
11    0    4   0.013818798   0.001002270  -0.001727934
11    1    0   0.031477873   0.005158321   0.003582226
11    1    1   0.199264776   0.063543447  -0.009053561
11    1    2  -0.874069108  -0.319792592   0.102441914
11    1    3   0.250931706   0.076396035  -0.025335635
11    1    4   0.027436207   0.005498823  -0.002956161
11    2    0   0.018710540   0.002802664   0.003121732
11    2    1   0.066555824   0.016599215   0.000072256
11    2    2  -0.383762086  -0.137480312   0.059482728
11    2    3  -0.434877392  -0.136172629   0.048566837
11    2    4   0.040637228   0.009573173  -0.004785384
11    3    0   0.028361938   0.007371472   0.006418639
11    3    1   0.174183466   0.055117858  -0.011533193
11    3    2  -2.666572581  -0.899144828   0.469740420
11    3    3   0.121927313   0.030916974  -0.019672480
11    3    4   0.016385126   0.001459849  -0.001866546
12    0    0   0.067508260   0.013017607   0.000173655
12    0    1  -0.210651173  -0.125046531   0.019940171
12    0    2  -0.197240655  -0.079245278   0.012356352
12    0    3   0.081247533   0.022968444  -0.003459113
12    0    4   0.018598761   0.003072450  -0.000949015
12    1    0   0.030114808   0.001878211  -0.003842066
12    1    1   0.166772212   0.049530096  -0.002702686
12    1    2  -0.618054847  -0.239996263  -0.001266877
12    1    3   0.223834961   0.074481602   0.000249592
12    1    4   0.033190648   0.007611816   0.000356856
12    2    0   0.019817548   0.001162350   0.000029812
12    2    1   0.070295503   0.016433839  -0.001024739
12    2    2  -0.217177432  -0.090979807   0.012092241
12    2    3  -0.204615232  -0.062449935   0.008320600
12    2    4   0.067914844   0.017265687  -0.002867858
12    3    0   0.031477873   0.005158321   0.003582226
12    3    1   0.199264776   0.063543447  -0.009053561
12    3    2  -0.874069108  -0.319792592   0.102441914
12    3    3   0.250931706   0.076396035  -0.025335635
12    3    4   0.027436207   0.005498823  -0.002956161
13    0    0   0.052268739   0.007201093  -0.014768545
13    0    1  -0.122809933  -0.088334940  -0.029007364
13    0    2  -0.122432934  -0.057203677  -0.014526253
13    0    3   0.060876595   0.014869379   0.003345587
13    0    4   0.016094400   0.002370934   0.001177519
13    1    0   0.022284220   0.003558577  -0.012973476
13    1    1   0.107147070   0.025332387  -0.011136152
13    1    2  -0.358673290  -0.147113570  -0.051632756
13    1    3   0.115887836   0.029873156   0.009880753
13    1    4   0.018850363   0.002714054   0.001701160
13    2    0   0.017656581   0.000768563  -0.005373162
13    2    1   0.056214162   0.009419607  -0.004949303
13    2    2  -0.126359072  -0.060136727  -0.014504880
13    2    3  -0.131692886  -0.042715954  -0.008914679
13    2    4   0.049163780   0.012450353   0.002370210
13    3    0   0.030114808   0.001878211  -0.003842066
13    3    1   0.166772212   0.049530096  -0.002702686
13    3    2  -0.618054847  -0.239996263  -0.001266877
13    3    3   0.223834961   0.074481602   0.000249592
13    3    4   0.033190648   0.007611816   0.000356856
14    0    0   0.029156506   0.011021634  -0.024643390
14    0    1  -0.038860883  -0.039020692  -0.048846365
14    0    2  -0.063455414  -0.048261664  -0.024835160
14    0    3   0.032538920  -0.002880313   0.003411962
14    0    4   0.010982467  -0.000814485   0.001287877
14    1    0   0.015902791   0.007596272  -0.016276360
14    1    1   0.051886302   0.012986414  -0.025247706
14    1    2  -0.091900596  -0.055178745  -0.040452870
14    1    3   0.040710343  -0.004150967   0.001256733
14    1    4   0.011609202  -0.002002381   0.000673321
14    2    0   0.013856492   0.002979010  -0.009110843
14    2    1   0.035782658   0.004757588  -0.014285642
14    2    2  -0.023122852  -0.026224004  -0.023444728
14    2    3  -0.071829829  -0.031373143  -0.015175959
14    2    4   0.022035852   0.003120733   0.001368793
14    3    0   0.022284220   0.003558577  -0.012973476
14    3    1   0.107147070   0.025332387  -0.011136152
14    3    2  -0.358673290  -0.147113570  -0.051632756
14    3    3   0.115887836   0.029873156   0.009880753
14    3    4   0.018850363   0.002714054   0.001701160
15    0    0   0.017542238   0.003524780   0.004089275
15    0    1   0.057969935   0.013969788   0.001598753
15    0    2  -1.787741580  -0.535499803   0.301140744
15    0    3  -3.442532807  -1.077545366   0.402677994
15    0    4   0.025317717   0.004723612  -0.002505233
15    1    0   0.012080402   0.001685195   0.002383223
15    1    1   0.030783714   0.006139041   0.002405559
15    1    2   0.195577787   0.054027575  -0.012480140
15    1    3  -2.832930942  -0.804408162   0.330847706
15    1    4   0.072128035   0.020574152  -0.009169222
15    2    0   0.008579714   0.000864648   0.001415094
15    2    1   0.018478987   0.002878694   0.001715998
15    2    2   0.064057591   0.014288847  -0.002315860
15    2    3  -1.678270510  -0.431505774   0.195303512
15    2    4  -7.255512965  -2.025699867   0.293857961
15    3    0   0.011988623   0.001806406   0.002534893
15    3    1   0.030230898   0.006060321   0.002668621
15    3    2   0.185656562   0.050821918  -0.012351354
15    3    3  -0.487124487  -0.148413254   0.059012557
15    3    4   0.057967245   0.016310140  -0.006697216
16    0    0   0.018710540   0.002802664   0.003121732
16    0    1   0.066555824   0.016599215   0.000072256
16    0    2  -0.383762086  -0.137480312   0.059482728
16    0    3  -0.434877392  -0.136172629   0.048566837
16    0    4   0.040637228   0.009573173  -0.004785384
16    1    0   0.012509512   0.000863602   0.001110592
16    1    1   0.032883894   0.006070977   0.000990458
16    1    2   0.208166348   0.057896162  -0.008193063
16    1    3  -0.892431325  -0.264461974   0.068216445
16    1    4   0.207576901   0.054615414  -0.018832100
16    2    0   0.008789436   0.000595693   0.000988013
16    2    1   0.019317175   0.002849218   0.001152814
16    2    2   0.069958080   0.016382391  -0.002293927
16    2    3  -0.391104137  -0.113799473   0.037587821
16    2    4  -0.727352084  -0.200168420   0.031693927
16    3    0   0.012080402   0.001685195   0.002383223
16    3    1   0.030783714   0.006139041   0.002405559
16    3    2   0.195577787   0.054027575  -0.012480140
16    3    3  -2.832930942  -0.804408162   0.330847706
16    3    4   0.072128035   0.020574152  -0.009169222
17    0    0   0.019817548   0.001162350   0.000029812
17    0    1   0.070295503   0.016433839  -0.001024739
17    0    2  -0.217177432  -0.090979807   0.012092241
17    0    3  -0.204615232  -0.062449935   0.008320600
17    0    4   0.067914844   0.017265687  -0.002867858
17    1    0   0.012212060   0.000157133  -0.001597670
17    1    1   0.030770970   0.004140926  -0.001399442
17    1    2   0.172137997   0.046678532  -0.000658182
17    1    3  -0.631831019  -0.194491354  -0.000461960
17    1    4   0.208656721   0.058286295   0.000448149
17    2    0   0.008973175   0.000141008  -0.000225602
17    2    1   0.019807034   0.002345010  -0.000062519
17    2    2   0.070403845   0.016362289  -0.001108351
17    2    3  -0.225282131  -0.072846563   0.007379635
17    2    4  -0.228156409  -0.059484879   0.006119029
17    3    0   0.012509512   0.000863602   0.001110592
17    3    1   0.032883894   0.006070977   0.000990458
17    3    2   0.208166348   0.057896162  -0.008193063
17    3    3  -0.892431325  -0.264461974   0.068216445
17    3    4   0.207576901   0.054615414  -0.018832100
18    0    0   0.017656581   0.000768563  -0.005373162
18    0    1   0.056214162   0.009419607  -0.004949303
18    0    2  -0.126359072  -0.060136727  -0.014504880
18    0    3  -0.131692886  -0.042715954  -0.008914679
18    0    4   0.049163780   0.012450353   0.002370210
18    1    0   0.010796799   0.000955258  -0.004618250
18    1    1   0.024451219   0.002113825  -0.006556261
18    1    2   0.117610491   0.027206668  -0.000943247
18    1    3  -0.365116305  -0.114639790  -0.030764430
18    1    4   0.090073747   0.024021758   0.006977513
18    2    0   0.008531371   0.000176073  -0.002034148
18    2    1   0.017918808   0.001263203  -0.002392965
18    2    2   0.056893724   0.011062533  -0.000801611
18    2    3  -0.129269569  -0.045119795  -0.007920863
18    2    4  -0.167890589  -0.044641010  -0.004958484
18    3    0   0.012212060   0.000157133  -0.001597670
18    3    1   0.030770970   0.004140926  -0.001399442
18    3    2   0.172137997   0.046678532  -0.000658182
18    3    3  -0.631831019  -0.194491354  -0.000461960
18    3    4   0.208656721   0.058286295   0.000448149
19    0    0   0.013856492   0.002979010  -0.009110843
19    0    1   0.035782658   0.004757588  -0.014285642
19    0    2  -0.023122852  -0.026224004  -0.023444728
19    0    3  -0.071829829  -0.031373143  -0.015175959
19    0    4   0.022035852   0.003120733   0.001368793
19    1    0   0.009543151   0.002296670  -0.006054430
19    1    1   0.018765877   0.002676866  -0.011183155
19    1    2   0.069717482   0.010923129  -0.009357281
19    1    3  -0.080115649  -0.034460988  -0.019065007
19    1    4   0.027886219   0.004826931   0.000968570
19    2    0   0.007725667   0.000863238  -0.003361864
19    2    1   0.014934370   0.001099562  -0.005340082
19    2    2   0.040712561   0.005199233  -0.004216451
19    2    3  -0.007998281  -0.011468477  -0.007874363
19    2    4  -0.174848351  -0.049670125  -0.009046526
19    3    0   0.010796799   0.000955258  -0.004618250
19    3    1   0.024451219   0.002113825  -0.006556261
19    3    2   0.117610491   0.027206668  -0.000943247
19    3    3  -0.365116305  -0.114639790  -0.030764430
19    3    4   0.090073747   0.024021758   0.006977513
20    0    0   0.008579714   0.000864648   0.001415094
20    0    1   0.018478987   0.002878694   0.001715998
20    0    2   0.064057591   0.014288847  -0.002315860
20    0    3  -1.678270510  -0.431505774   0.195303512
20    0    4  -7.255512965  -2.025699867   0.293857961
20    1    0   0.006520837   0.000295175   0.000577994
20    1    1   0.012804823   0.001467302   0.000861737
20    1    2   0.034294313   0.006927397   0.000183006
20    1    3   0.236084480   0.060487153  -0.003649218
20    1    4  -5.213672760  -1.346454533   0.286738811
20    2    0   0.004879368   0.000070097   0.000092589
20    2    1   0.008800599   0.000640556   0.000233214
20    2    2   0.019258969   0.003092364   0.000061630
20    2    3   0.069361761   0.015417631  -0.001735631
20    2    4  -2.053448733  -0.473350164   0.146759168
20    3    0   0.006523716   0.000325486   0.000639675
20    3    1   0.012804166   0.001500819   0.000936804
20    3    2   0.034280521   0.006934743   0.000205266
20    3    3   0.237116439   0.061153216  -0.003893238
20    3    4  -0.549959469  -0.148209537   0.025184276
21    0    0   0.008789436   0.000595693   0.000988013
21    0    1   0.019317175   0.002849218   0.001152814
21    0    2   0.069958080   0.016382391  -0.002293927
21    0    3  -0.391104137  -0.113799473   0.037587821
21    0    4  -0.727352084  -0.200168420   0.031693927
21    1    0   0.006480278   0.000114084   0.000098635
21    1    1   0.012703155   0.001201684   0.000304382
21    1    2   0.033624532   0.006568583   0.000054500
21    1    3   0.212306330   0.052489867  -0.002312117
21    1    4  -1.013868880  -0.261183608   0.042427985
21    2    0   0.004885982   0.000039134  -0.000034708
21    2    1   0.008810558   0.000584894   0.000082771
21    2    2   0.019243592   0.003034664   0.000013126
21    2    3   0.068993517   0.015286960  -0.001323548
21    2    4  -0.561971670  -0.137027741   0.027087215
21    3    0   0.006520837   0.000295175   0.000577994
21    3    1   0.012804823   0.001467302   0.000861737
21    3    2   0.034294313   0.006927397   0.000183006
21    3    3   0.236084480   0.060487153  -0.003649218
21    3    4  -5.213672760  -1.346454533   0.286738811
22    0    0   0.008973175   0.000141008  -0.000225602
22    0    1   0.019807034   0.002345010  -0.000062519
22    0    2   0.070403845   0.016362289  -0.001108351
22    0    3  -0.225282131  -0.072846563   0.007379635
22    0    4  -0.228156409  -0.059484879   0.006119029
22    1    0   0.006345094   0.000013684  -0.000752353
22    1    1   0.012216557   0.000764808  -0.000753778
22    1    2   0.030743175   0.005256639  -0.000353108
22    1    3   0.176565853   0.042889892  -0.000032496
22    1    4  -0.652253693  -0.168144758   0.000015924
22    2    0   0.004875326   0.000000616  -0.000343817
22    2    1   0.008753441   0.000455701  -0.000299000
22    2    2   0.018854714   0.002752572  -0.000141679
22    2    3   0.065875796   0.014368105  -0.000418492
22    2    4  -0.283791496  -0.073329716   0.003354424
22    3    0   0.006480278   0.000114084   0.000098635
22    3    1   0.012703155   0.001201684   0.000304382
22    3    2   0.033624532   0.006568583   0.000054500
22    3    3   0.212306330   0.052489867  -0.002312117
22    3    4  -1.013868880  -0.261183608   0.042427985
23    0    0   0.008531371   0.000176073  -0.002034148
23    0    1   0.017918808   0.001263203  -0.002392965
23    0    2   0.056893724   0.011062533  -0.000801611
23    0    3  -0.129269569  -0.045119795  -0.007920863
23    0    4  -0.167890589  -0.044641010  -0.004958484
23    1    0   0.006128554   0.000207289  -0.001651339
23    1    1   0.011420649   0.000533181  -0.002220798
23    1    2   0.026689685   0.003476192  -0.001691698
23    1    3   0.136360365   0.032135659   0.000319493
23    1    4  -0.398495244  -0.105064297  -0.015891119
23    2    0   0.004806332   0.000026181  -0.000742155
23    2    1   0.008524984   0.000325220  -0.000860024
23    2    2   0.017772364   0.002179405  -0.000525196
23    2    3   0.058123081   0.011995631   0.000348587
23    2    4  -0.123475333  -0.034699989  -0.003904043
23    3    0   0.006345094   0.000013684  -0.000752353
23    3    1   0.012216557   0.000764808  -0.000753778
23    3    2   0.030743175   0.005256639  -0.000353108
23    3    3   0.176565853   0.042889892  -0.000032496
23    3    4  -0.652253693  -0.168144758   0.000015924
24    0    0   0.007725667   0.000863238  -0.003361864
24    0    1   0.014934370   0.001099562  -0.005340082
24    0    2   0.040712561   0.005199233  -0.004216451
24    0    3  -0.007998281  -0.011468477  -0.007874363
24    0    4  -0.174848351  -0.049670125  -0.009046526
24    1    0   0.005957505   0.000492122  -0.002189547
24    1    1   0.010782809   0.000652310  -0.003366067
24    1    2   0.023745937   0.002375511  -0.003290174
24    1    3   0.107031182   0.024258885   0.000115125
24    1    4  -0.057930330  -0.018095087  -0.004701234
24    2    0   0.004708084   0.000112306  -0.001060083
24    2    1   0.008227252   0.000285454  -0.001391969
24    2    2   0.016533880   0.001631322  -0.001079435
24    2    3   0.050302916   0.009657961   0.000427794
24    2    4   0.156265116   0.031007464   0.007312602
24    3    0   0.006128554   0.000207289  -0.001651339
24    3    1   0.011420649   0.000533181  -0.002220798
24    3    2   0.026689685   0.003476192  -0.001691698
24    3    3   0.136360365   0.032135659   0.000319493
24    3    4  -0.398495244  -0.105064297  -0.015891119
