    Point         Spanwise       Ux              Uy               Uz
  (Panel)  (Side)
     0       0        0     -0.195393720     -0.138462449     0.120236890
     0       0        1      0.094478528      0.021718115     0.001148643
     0       0        2      0.043393188      0.009396156     0.007778032
     0       0        3      0.028436383      0.007500032     0.005832453
     0       0        4      0.021196203      0.006591006     0.004219314
     0       1        0     -0.967736541     -0.609836152     0.404730386
     0       1        1      0.229870066      0.086055619    -0.050204175
     0       1        2      0.052569154      0.014831064     0.012465613
     0       1        3      0.030551473      0.010057694     0.010393990
     0       1        4      0.021725916      0.008294823     0.007594320
     0       2        0     -0.541416265     -0.350695615     0.170830761
     0       2        1     -0.190140876     -0.095367530     0.066405198
     0       2        2      0.085042857      0.029182999     0.011295544
     0       2        3      0.036059475      0.014013739     0.015079900
     0       2        4      0.023599595      0.010726869     0.011141848
     0       3        0     -0.991993791     -0.609713643     0.435899637
     0       3        1      0.229430746      0.083029090    -0.053511177
     0       3        2      0.053353939      0.014603755     0.011398749
     0       3        3      0.031299947      0.010163080     0.009772979
     0       3        4      0.022319283      0.008483532     0.007200375
     1       0        0     -0.332401404     -0.259557377     0.163861741
     1       0        1      0.089010330      0.023321925     0.008274581
     1       0        2      0.039001945      0.009217614     0.011038482
     1       0        3      0.025055340      0.006764593     0.007740886
     1       0        4      0.018620436      0.005764227     0.005454724
     1       1        0     -0.871341417     -0.622726093     0.213925027
     1       1        1      0.220875634      0.101602798    -0.019393939
     1       1        2      0.044134986      0.014226732     0.020283340
     1       1        3      0.024111327      0.007973625     0.014592749
     1       1        4      0.016974873      0.006142494     0.010161405
     1       2        0     -0.396438675     -0.300106893     0.079698573
     1       2        1     -0.322521031     -0.167004172     0.088610227
     1       2        2      0.079193152      0.029646207     0.017500623
     1       2        3      0.032197370      0.012916126     0.017925169
     1       2        4      0.020790906      0.009321809     0.012812265
     1       3        0     -0.967736541     -0.609836152     0.404730386
     1       3        1      0.229870066      0.086055619    -0.050204175
     1       3        2      0.052569154      0.014831064     0.012465613
     1       3        3      0.030551473      0.010057694     0.010393990
     1       3        4      0.021725916      0.008294823     0.007594320
     2       0        0     -0.275965284     -0.246394501     0.053230096
     2       0        1      0.065349127      0.018878866     0.024880017
     2       0        2      0.025373182      0.004984991     0.017376023
     2       0        3      0.015986484      0.003144246     0.011075814
     2       0        4      0.012151682      0.002799317     0.007470827
     2       1        0     -0.679079956     -0.496727058    -0.053455516
     2       1        1      0.146914553      0.078396491     0.029823863
     2       1        2      0.020521635      0.002785265     0.028134929
     2       1        3      0.010818159      0.000286921     0.018222673
     2       1        4      0.008219318      0.000589554     0.012186433
     2       2        0     -0.301051582     -0.246547698    -0.040933007
     2       2        1     -0.271254724     -0.146744827     0.031280301
     2       2        2      0.056312280      0.021930351     0.029284966
     2       2        3      0.020941610      0.006691755     0.022720271
     2       2        4      0.013563168      0.004412974     0.015509788
     2       3        0     -0.871341417     -0.622726093     0.213925027
     2       3        1      0.220875634      0.101602798    -0.019393939
     2       3        2      0.044134986      0.014226732     0.020283340
     2       3        3      0.024111327      0.007973625     0.014592749
     2       3        4      0.016974873      0.006142494     0.010161405
     3       0        0     -0.233285948     -0.172400715    -0.045345374
     3       0        1      0.017506420     -0.003591285     0.032158501
     3       0        2      0.003916360     -0.005625342     0.019139615
     3       0        3      0.003306055     -0.003419129     0.011733467
     3       0        4      0.003616086     -0.001805279     0.007712057
     3       1        0     -0.458792679     -0.258999898    -0.171058679
     3       1        1      0.028103404      0.012102713     0.037480124
     3       1        2     -0.009163691     -0.013898390     0.024831454
     3       1        3     -0.003875193     -0.008626133     0.016096248
     3       1        4     -0.000889445     -0.005248343     0.010692936
     3       2        0     -0.226925653     -0.136118331    -0.123373876
     3       2        1     -0.225686485     -0.111957519    -0.020237686
     3       2        2      0.015231917     -0.001745713     0.033606439
     3       2        3      0.003796006     -0.005203045     0.023745547
     3       2        4      0.003580291     -0.003106643     0.015861014
     3       3        0     -0.679079956     -0.496727058    -0.053455516
     3       3        1      0.146914553      0.078396491     0.029823863
     3       3        2      0.020521635      0.002785265     0.028134929
     3       3        3      0.010818159      0.000286921     0.018222673
     3       3        4      0.008219318      0.000589554     0.012186433
     4       0        0     -0.181970190     -0.080967881    -0.068716480
     4       0        1     -0.024851175     -0.020777333     0.021965987
     4       0        2     -0.013669870     -0.012992994     0.014514595
     4       0        3     -0.006866018     -0.007990754     0.009119673
     4       0        4     -0.003154081     -0.005028450     0.005984597
     4       1        0     -0.192663547     -0.048140403    -0.106956220
     4       1        1     -0.043498329     -0.018164546     0.016478637
     4       1        2     -0.024926182     -0.019666689     0.017787514
     4       1        3     -0.012002429     -0.012204224     0.012311295
     4       1        4     -0.006055770     -0.007807802     0.008301486
     4       2        0     -0.125121324     -0.017715891    -0.114165681
     4       2        1     -0.167836507     -0.064317291    -0.037151576
     4       2        2     -0.022314251     -0.020749127     0.026342776
     4       2        3     -0.010408890     -0.014014145     0.019949213
     4       2        4     -0.004312460     -0.008602668     0.013501032
     4       3        0     -0.458792679     -0.258999898    -0.171058679
     4       3        1      0.028103404      0.012102713     0.037480124
     4       3        2     -0.009163691     -0.013898390     0.024831454
     4       3        3     -0.003875193     -0.008626133     0.016096248
     4       3        4     -0.000889445     -0.005248343     0.010692936
     5       0        0     -0.541416265     -0.350695615     0.170830761
     5       0        1     -0.190140876     -0.095367530     0.066405198
     5       0        2      0.085042857      0.029182999     0.011295544
     5       0        3      0.036059475      0.014013739     0.015079900
     5       0        4      0.023599595      0.010726869     0.011141848
     5       1        0      0.162980700      0.014939129    -0.080387455
     5       1        1     -1.001552879     -0.463176649     0.235309577
     5       1        2      0.244178029      0.086981922    -0.026442817
     5       1        3      0.047788315      0.019904808     0.020060593
     5       1        4      0.026303559      0.013320136     0.015843723
     5       2        0      0.043686424     -0.027830801    -0.055946849
     5       2        1     -0.507779305     -0.257317192     0.076131808
     5       2        2     -0.208393229     -0.075158822     0.049506192
     5       2        3      0.085156664      0.033543498     0.019014148
     5       2        4      0.032498953      0.017579213     0.020605085
     5       3        0      0.165342188      0.014574015    -0.079612369
     5       3        1     -1.025341940     -0.466908747     0.254807041
     5       3        2      0.243875267      0.084872213    -0.028994215
     5       3        3      0.048550890      0.019935443     0.019190385
     5       3        4      0.026950220      0.013620280     0.015337014
     6       0        0     -0.396438675     -0.300106893     0.079698573
     6       0        1     -0.322521031     -0.167004172     0.088610227
     6       0        2      0.079193152      0.029646207     0.017500623
     6       0        3      0.032197370      0.012916126     0.017925169
     6       0        4      0.020790906      0.009321809     0.012812265
     6       1        0      0.138191069      0.018074122    -0.085454930
     6       1        1     -0.904145379     -0.448615161     0.115630814
     6       1        2      0.231855451      0.094979767    -0.004465615
     6       1        3      0.039931924      0.017037306     0.025919148
     6       1        4      0.020904554      0.009856891     0.019137981
     6       2        0      0.041507958     -0.023194715    -0.062388943
     6       2        1     -0.383234525     -0.215233730     0.021143557
     6       2        2     -0.324307014     -0.120248630     0.059051076
     6       2        3      0.078359312      0.032168140     0.023563818
     6       2        4      0.029023670      0.015317680     0.022645724
     6       3        0      0.162980700      0.014939129    -0.080387455
     6       3        1     -1.001552879     -0.463176649     0.235309577
     6       3        2      0.244178029      0.086981922    -0.026442817
     6       3        3      0.047788315      0.019904808     0.020060593
     6       3        4      0.026303559      0.013320136     0.015843723
     7       0        0     -0.301051582     -0.246547698    -0.040933007
     7       0        1     -0.271254724     -0.146744827     0.031280301
     7       0        2      0.056312280      0.021930351     0.029284966
     7       0        3      0.020941610      0.006691755     0.022720271
     7       0        4      0.013563168      0.004412974     0.015509788
     7       1        0      0.089959742      0.034914006    -0.090685878
     7       1        1     -0.709081602     -0.351439846    -0.042154249
     7       1        2      0.154999371      0.067040945     0.028508393
     7       1        3      0.019013458      0.003580737     0.031391732
     7       1        4      0.009660938      0.000999853     0.021859596
     7       2        0      0.031351077     -0.008223747    -0.074452685
     7       2        1     -0.298808458     -0.167258436    -0.048981371
     7       2        2     -0.277169942     -0.105293791     0.022647753
     7       2        3      0.055522181      0.021302790     0.032315437
     7       2        4      0.019063961      0.007492288     0.026187508
     7       3        0      0.138191069      0.018074122    -0.085454930
     7       3        1     -0.904145379     -0.448615161     0.115630814
     7       3        2      0.231855451      0.094979767    -0.004465615
     7       3        3      0.039931924      0.017037306     0.025919148
     7       3        4      0.020904554      0.009856891     0.019137981
     8       0        0     -0.226925653     -0.136118331    -0.123373876
     8       0        1     -0.225686485     -0.111957519    -0.020237686
     8       0        2      0.015231917     -0.001745713     0.033606439
     8       0        3      0.003796006     -0.005203045     0.023745547
     8       0        4      0.003580291     -0.003106643     0.015861014
     8       1        0      0.031917749      0.050941442    -0.080426408
     8       1        1     -0.469919013     -0.196165229    -0.114081325
     8       1        2      0.037017402      0.009347425     0.033554976
     8       1        3     -0.007564021     -0.013467613     0.028602006
     8       1        4     -0.002813588     -0.008481016     0.019848201
     8       2        0      0.010628939      0.014840756    -0.076694405
     8       2        1     -0.225551142     -0.096269151    -0.095023593
     8       2        2     -0.225600920     -0.084627061    -0.010093571
     8       2        3      0.016193925     -0.001483707     0.035560103
     8       2        4      0.003124800     -0.004613475     0.026795845
     8       3        0      0.089959742      0.034914006    -0.090685878
     8       3        1     -0.709081602     -0.351439846    -0.042154249
     8       3        2      0.154999371      0.067040945     0.028508393
     8       3        3      0.019013458      0.003580737     0.031391732
     8       3        4      0.009660938      0.000999853     0.021859596
     9       0        0     -0.125121324     -0.017715891    -0.114165681
     9       0        1     -0.167836507     -0.064317291    -0.037151576
     9       0        2     -0.022314251     -0.020749127     0.026342776
     9       0        3     -0.010408890     -0.014014145     0.019949213
     9       0        4     -0.004312460     -0.008602668     0.013501032
     9       1        0     -0.008886851      0.051295511    -0.069929742
     9       1        1     -0.194955178     -0.046794570    -0.079101723
     9       1        2     -0.038665250     -0.020449677     0.018826825
     9       1        3     -0.021559286     -0.020829505     0.022958754
     9       1        4     -0.009302343     -0.012919451     0.016614179
     9       2        0     -0.007726671      0.030411238    -0.067554166
     9       2        1     -0.124274377     -0.016908341    -0.093188074
     9       2        2     -0.164882887     -0.055106247    -0.022916173
     9       2        3     -0.020184801     -0.020004005     0.029735853
     9       2        4     -0.009429047     -0.013710719     0.023509040
     9       3        0      0.031917749      0.050941442    -0.080426408
     9       3        1     -0.469919013     -0.196165229    -0.114081325
     9       3        2      0.037017402      0.009347425     0.033554976
     9       3        3     -0.007564021     -0.013467613     0.028602006
     9       3        4     -0.002813588     -0.008481016     0.019848201
    10       0        0      0.043686424     -0.027830801    -0.055946849
    10       0        1     -0.507779305     -0.257317192     0.076131808
    10       0        2     -0.208393229     -0.075158822     0.049506192
    10       0        3      0.085156664      0.033543498     0.019014148
    10       0        4      0.032498953      0.017579213     0.020605085
    10       1        0      0.020296630     -0.025379768    -0.046473968
    10       1        1      0.187343495      0.016980250    -0.085239334
    10       1        2     -1.017995191     -0.367251073     0.151052428
    10       1        3      0.253443972      0.082727123    -0.012411009
    10       1        4      0.045215779      0.023240681     0.025258879
    10       2        0      0.012171664     -0.020742739    -0.038031724
    10       2        1      0.050067576     -0.023024731    -0.063926548
    10       2        2     -0.483705731     -0.197781304     0.025944807
    10       2        3     -0.222425648     -0.059234335     0.038477203
    10       2        4      0.084445700      0.035818926     0.024739168
    10       3        0      0.020766070     -0.026232644    -0.045430527
    10       3        1      0.190203677      0.016085879    -0.084684892
    10       3        2     -1.040443735     -0.371897564     0.164712774
    10       3        3      0.253731051      0.081577520    -0.014334351
    10       3        4      0.045960851      0.023711254     0.024642856
    11       0        0      0.041507958     -0.023194715    -0.062388943
    11       0        1     -0.383234525     -0.215233730     0.021143557
    11       0        2     -0.324307014     -0.120248630     0.059051076
    11       0        3      0.078359312      0.032168140     0.023563818
    11       0        4      0.029023670      0.015317680     0.022645724
    11       1        0      0.016164702     -0.017755534    -0.053391410
    11       1        1      0.157049443      0.022975387    -0.086835544
    11       1        2     -0.925401790     -0.347712822     0.068993646
    11       1        3      0.238538685      0.083808961     0.004647088
    11       1        4      0.038087865      0.017854520     0.029587579
    11       2        0      0.010891313     -0.017568225    -0.041093956
    11       2        1      0.047191626     -0.017474426    -0.068665590
    11       2        2     -0.378579586     -0.164022381    -0.008218966
    11       2        3     -0.324307537     -0.091891936     0.043581766
    11       2        4      0.077894923      0.032291381     0.028172872
    11       3        0      0.020296630     -0.025379768    -0.046473968
    11       3        1      0.187343495      0.016980250    -0.085239334
    11       3        2     -1.017995191     -0.367251073     0.151052428
    11       3        3      0.253443972      0.082727123    -0.012411009
    11       3        4      0.045215779      0.023240681     0.025258879
    12       0        0      0.031351077     -0.008223747    -0.074452685
    12       0        1     -0.298808458     -0.167258436    -0.048981371
    12       0        2     -0.277169942     -0.105293791     0.022647753
    12       0        3      0.055522181      0.021302790     0.032315437
    12       0        4      0.019063961      0.007492288     0.026187508
    12       1        0      0.007387905     -0.001384597    -0.059342636
    12       1        1      0.102752201      0.034662641    -0.084214381
    12       1        2     -0.725331947     -0.272276476    -0.036340370
    12       1        3      0.160022352      0.055312806     0.030146521
    12       1        4      0.017647287      0.003558311     0.033892958
    12       2        0      0.007118157     -0.008443037    -0.046310721
    12       2        1      0.035096101     -0.003282512    -0.075403361
    12       2        2     -0.299872646     -0.125413489    -0.051295645
    12       2        3     -0.276979434     -0.082170959     0.020533562
    12       2        4      0.055713605      0.019682494     0.035059689
    12       3        0      0.016164702     -0.017755534    -0.053391410
    12       3        1      0.157049443      0.022975387    -0.086835544
    12       3        2     -0.925401790     -0.347712822     0.068993646
    12       3        3      0.238538685      0.083808961     0.004647088
    12       3        4      0.038087865      0.017854520     0.029587579
    13       0        0      0.010628939      0.014840756    -0.076694405
    13       0        1     -0.225551142     -0.096269151    -0.095023593
    13       0        2     -0.225600920     -0.084627061    -0.010093571
    13       0        3      0.016193925     -0.001483707     0.035560103
    13       0        4      0.003124800     -0.004613475     0.026795845
    13       1        0     -0.002766050      0.015802376    -0.056610307
    13       1        1      0.040958813      0.041811870    -0.076618786
    13       1        2     -0.473895158     -0.156884292    -0.085836814
    13       1        3      0.039895770      0.005728143     0.033809664
    13       1        4     -0.008808785     -0.012711978     0.031234106
    13       2        0      0.001264882      0.004674205    -0.047332053
    13       2        1      0.013311417      0.013872091    -0.075190285
    13       2        2     -0.224284387     -0.073913957    -0.080518806
    13       2        3     -0.226259934     -0.069713123    -0.001635258
    13       2        4      0.012642136     -0.002315725     0.037435366
    13       3        0      0.007387905     -0.001384597    -0.059342636
    13       3        1      0.102752201      0.034662641    -0.084214381
    13       3        2     -0.725331947     -0.272276476    -0.036340370
    13       3        3      0.160022352      0.055312806     0.030146521
    13       3        4      0.017647287      0.003558311     0.033892958
    14       0        0     -0.007726671      0.030411238    -0.067554166
    14       0        1     -0.124274377     -0.016908341    -0.093188074
    14       0        2     -0.164882887     -0.055106247    -0.022916173
    14       0        3     -0.020184801     -0.020004005     0.029735853
    14       0        4     -0.009429047     -0.013710719     0.023509040
    14       1        0     -0.008898700      0.024662966    -0.051079341
    14       1        1     -0.005629503      0.040938122    -0.071688929
    14       1        2     -0.196160310     -0.043810347    -0.063659867
    14       1        3     -0.036591121     -0.021503967     0.021976097
    14       1        4     -0.020681258     -0.020396494     0.026577175
    14       2        0     -0.003578169      0.014497050    -0.043499282
    14       2        1     -0.006162677      0.025855980    -0.069606049
    14       2        2     -0.120870104     -0.015305961    -0.080810356
    14       2        3     -0.173743184     -0.052725346    -0.012592679
    14       2        4     -0.023488692     -0.019386382     0.032122803
    14       3        0     -0.002766050      0.015802376    -0.056610307
    14       3        1      0.040958813      0.041811870    -0.076618786
    14       3        2     -0.473895158     -0.156884292    -0.085836814
    14       3        3      0.039895770      0.005728143     0.033809664
    14       3        4     -0.008808785     -0.012711978     0.031234106
    15       0        0      0.012171664     -0.020742739    -0.038031724
    15       0        1      0.050067576     -0.023024731    -0.063926548
    15       0        2     -0.483705731     -0.197781304     0.025944807
    15       0        3     -0.222425648     -0.059234335     0.038477203
    15       0        4      0.084445700      0.035818926     0.024739168
    15       1        0      0.007773476     -0.015564632    -0.032342957
    15       1        1      0.021673127     -0.021248123    -0.053823793
    15       1        2      0.200338759      0.021205012    -0.083947944
    15       1        3     -1.029181703     -0.304089221     0.093429749
    15       1        4      0.253864715      0.076824758    -0.000117948
    15       2        0      0.005315536     -0.012298073    -0.027153878
    15       2        1      0.012142778     -0.017124771    -0.044702261
    15       2        2      0.052093491     -0.016258585    -0.068756949
    15       2        3     -0.480914180     -0.159294339    -0.004016333
    15       2        4     -0.230268591     -0.049074384     0.029996149
    15       3        0      0.008002673     -0.016147155    -0.031916165
    15       3        1      0.022213829     -0.022197980    -0.053055068
    15       3        2      0.203974696      0.020406852    -0.083767342
    15       3        3     -1.052791789     -0.309369704     0.102604063
    15       3        4      0.254190561      0.076669122    -0.001674297
    16       0        0      0.010891313     -0.017568225    -0.041093956
    16       0        1      0.047191626     -0.017474426    -0.068665590
    16       0        2     -0.378579586     -0.164022381    -0.008218966
    16       0        3     -0.324307537     -0.091891936     0.043581766
    16       0        4      0.077894923      0.032291381     0.028172872
    16       1        0      0.005960267     -0.010828899    -0.035028349
    16       1        1      0.017044456     -0.013526109    -0.058450537
    16       1        2      0.165145085      0.024914305    -0.082991086
    16       1        3     -0.935471989     -0.283482689     0.039585197
    16       1        4      0.242371044      0.073642065     0.012919089
    16       2        0      0.004681492     -0.010359690    -0.028355544
    16       2        1      0.010808507     -0.013938339    -0.046808713
    16       2        2      0.048235875     -0.011345098    -0.071050229
    16       2        3     -0.387220784     -0.132421928    -0.024220320
    16       2        4     -0.317893533     -0.073878834     0.033274233
    16       3        0      0.007773476     -0.015564632    -0.032342957
    16       3        1      0.021673127     -0.021248123    -0.053823793
    16       3        2      0.200338759      0.021205012    -0.083947944
    16       3        3     -1.029181703     -0.304089221     0.093429749
    16       3        4      0.253864715      0.076824758    -0.000117948
    17       0        0      0.007118157     -0.008443037    -0.046310721
    17       0        1      0.035096101     -0.003282512    -0.075403361
    17       0        2     -0.299872646     -0.125413489    -0.051295645
    17       0        3     -0.276979434     -0.082170959     0.020533562
    17       0        4      0.055713605      0.019682494     0.035059689
    17       1        0      0.002674385     -0.002049735    -0.037152466
    17       1        1      0.008108179      0.000409953    -0.061583519
    17       1        2      0.110854815      0.031857388    -0.079315321
    17       1        3     -0.730747507     -0.221453802    -0.030161718
    17       1        4      0.158029458      0.045178550     0.032239985
    17       2        0      0.003054077     -0.005360570    -0.030285134
    17       2        1      0.007115857     -0.005772279    -0.050020526
    17       2        2      0.035911349     -0.000338792    -0.073837614
    17       2        3     -0.302379206     -0.099866595    -0.050811360
    17       2        4     -0.265931651     -0.064953762     0.019493252
    17       3        0      0.005960267     -0.010828899    -0.035028349
    17       3        1      0.017044456     -0.013526109    -0.058450537
    17       3        2      0.165145085      0.024914305    -0.082991086
    17       3        3     -0.935471989     -0.283482689     0.039585197
    17       3        4      0.242371044      0.073642065     0.012919089
    18       0        0      0.001264882      0.004674205    -0.047332053
    18       0        1      0.013311417      0.013872091    -0.075190285
    18       0        2     -0.224284387     -0.073913957    -0.080518806
    18       0        3     -0.226259934     -0.069713123    -0.001635258
    18       0        4      0.012642136     -0.002315725     0.037435366
    18       1        0     -0.000845903      0.007008135    -0.036125332
    18       1        1     -0.001803333      0.014151935    -0.059692573
    18       1        2      0.050183229      0.035582167    -0.074588174
    18       1        3     -0.473559736     -0.131836658    -0.063684137
    18       1        4      0.023544512     -0.000230005     0.033749160
    18       2        0      0.000816286      0.001339472    -0.030624606
    18       2        1      0.001737611      0.004858312    -0.050398565
    18       2        2      0.015654728      0.011892983    -0.073080379
    18       2        3     -0.220098978     -0.059950568    -0.069267187
    18       2        4     -0.250744099     -0.066914914     0.005053933
    18       3        0      0.002674385     -0.002049735    -0.037152466
    18       3        1      0.008108179      0.000409953    -0.061583519
    18       3        2      0.110854815      0.031857388    -0.079315321
    18       3        3     -0.730747507     -0.221453802    -0.030161718
    18       3        4      0.158029458      0.045178550     0.032239985
    19       0        0     -0.003578169      0.014497050    -0.043499282
    19       0        1     -0.006162677      0.025855980    -0.069606049
    19       0        2     -0.120870104     -0.015305961    -0.080810356
    19       0        3     -0.173743184     -0.052725346    -0.012592679
    19       0        4     -0.023488692     -0.019386382     0.032122803
    19       1        0     -0.003013620      0.012175922    -0.033991973
    19       1        1     -0.008074234      0.021875311    -0.056277948
    19       1        2      0.002268518      0.033774443    -0.072125735
    19       1        3     -0.190771205     -0.041058492    -0.049581790
    19       1        4     -0.043039069     -0.022054263     0.024340588
    19       2        0     -0.001018420      0.006570485    -0.029182936
    19       2        1     -0.002760285      0.012996992    -0.047956536
    19       2        2     -0.002492902      0.020814420    -0.069975052
    19       2        3     -0.102300066     -0.012179082    -0.069089674
    19       2        4     -0.266698653     -0.074124966    -0.004220859
    19       3        0     -0.000845903      0.007008135    -0.036125332
    19       3        1     -0.001803333      0.014151935    -0.059692573
    19       3        2      0.050183229      0.035582167    -0.074588174
    19       3        3     -0.473559736     -0.131836658    -0.063684137
    19       3        4      0.023544512     -0.000230005     0.033749160
    20       0        0      0.005315536     -0.012298073    -0.027153878
    20       0        1      0.012142778     -0.017124771    -0.044702261
    20       0        2      0.052093491     -0.016258585    -0.068756949
    20       0        3     -0.480914180     -0.159294339    -0.004016333
    20       0        4     -0.230268591     -0.049074384     0.029996149
    20       1        0      0.003357923     -0.008105941    -0.024112149
    20       1        1      0.006901827     -0.010512314    -0.039142205
    20       1        2      0.020118351     -0.012814593    -0.059552811
    20       1        3      0.208402630      0.032940216    -0.073576210
    20       1        4     -1.056195480     -0.269509283     0.041412789
    20       2        0      0.002086756     -0.005370574    -0.020725942
    20       2        1      0.003942814     -0.006234760    -0.033121261
    20       2        2      0.009017423     -0.007847034    -0.049764336
    20       2        3      0.042679835     -0.002943186    -0.069948968
    20       2        4     -0.619448090     -0.159860205    -0.024567925
    20       3        0      0.003456838     -0.008409428    -0.024017905
    20       3        1      0.007109190     -0.011000269    -0.038983635
    20       3        2      0.020714185     -0.013525297    -0.059336410
    20       3        3      0.214272874      0.033586631    -0.073487421
    20       3        4     -1.101449686     -0.280864775     0.047265579
    21       0        0      0.004681492     -0.010359690    -0.028355544
    21       0        1      0.010808507     -0.013938339    -0.046808713
    21       0        2      0.048235875     -0.011345098    -0.071050229
    21       0        3     -0.387220784     -0.132421928    -0.024220320
    21       0        4     -0.317893533     -0.073878834     0.033274233
    21       1        0      0.002625171     -0.005809689    -0.024690070
    21       1        1      0.005355440     -0.006824598    -0.040092027
    21       1        2      0.015734744     -0.007479588    -0.060795064
    21       1        3      0.164940334      0.028615315    -0.074326798
    21       1        4     -0.940614321     -0.240452733     0.012951113
    21       2        0      0.001890984     -0.004656432    -0.020912744
    21       2        1      0.003558875     -0.005104582    -0.033425074
    21       2        2      0.008142689     -0.006146407    -0.050183597
    21       2        3      0.039631850     -0.000986444    -0.070182728
    21       2        4     -0.514476694     -0.134151873    -0.035266433
    21       3        0      0.003357923     -0.008105941    -0.024112149
    21       3        1      0.006901827     -0.010512314    -0.039142205
    21       3        2      0.020118351     -0.012814593    -0.059552811
    21       3        3      0.208402630      0.032940216    -0.073576210
    21       3        4     -1.056195480     -0.269509283     0.041412789
    22       0        0      0.003054077     -0.005360570    -0.030285134
    22       0        1      0.007115857     -0.005772279    -0.050020526
    22       0        2      0.035911349     -0.000338792    -0.073837614
    22       0        3     -0.302379206     -0.099866595    -0.050811360
    22       0        4     -0.265931651     -0.064953762     0.019493252
    22       1        0      0.001437136     -0.001975400    -0.025154464
    22       1        1      0.002820344     -0.000713603    -0.040798186
    22       1        2      0.008699821      0.001214084    -0.061551227
    22       1        3      0.118418271      0.029607955    -0.074026849
    22       1        4     -0.733050789     -0.187165329    -0.025407043
    22       2        0      0.001429004     -0.002970655    -0.021207395
    22       2        1      0.002643810     -0.002443903    -0.033893616
    22       2        2      0.006017226     -0.002192814    -0.050795540
    22       2        3      0.032061202      0.003442622    -0.070335540
    22       2        4     -0.340114042     -0.089069468    -0.052664913
    22       3        0      0.002625171     -0.005809689    -0.024690070
    22       3        1      0.005355440     -0.006824598    -0.040092027
    22       3        2      0.015734744     -0.007479588    -0.060795064
    22       3        3      0.164940334      0.028615315    -0.074326798
    22       3        4     -0.940614321     -0.240452733     0.012951113
    23       0        0      0.000816286      0.001339472    -0.030624606
    23       0        1      0.001737611      0.004858312    -0.050398565
    23       0        2      0.015654728      0.011892983    -0.073080379
    23       0        3     -0.220098978     -0.059950568    -0.069267187
    23       0        4     -0.250744099     -0.066914914     0.005053933
    23       1        0      0.000231935      0.001916789    -0.025018745
    23       1        1      0.000215500      0.005421209    -0.040530002
    23       1        2      0.001407302      0.009763737    -0.061063821
    23       1        3      0.072845270      0.030951324    -0.073236398
    23       1        4     -0.494234981     -0.123492079    -0.042903643
    23       2        0      0.000842542     -0.000846266    -0.021281809
    23       2        1      0.001468824      0.000889919    -0.033989209
    23       2        2      0.003213460      0.002676532    -0.050847310
    23       2        3      0.020931936      0.008325413    -0.069910246
    23       2        4     -0.199764596     -0.048834644    -0.060450794
    23       3        0      0.001437136     -0.001975400    -0.025154464
    23       3        1      0.002820344     -0.000713603    -0.040798186
    23       3        2      0.008699821      0.001214084    -0.061551227
    23       3        3      0.118418271      0.029607955    -0.074026849
    23       3        4     -0.733050789     -0.187165329    -0.025407043
    24       0        0     -0.001018420      0.006570485    -0.029182936
    24       0        1     -0.002760285      0.012996992    -0.047956536
    24       0        2     -0.002492902      0.020814420    -0.069975052
    24       0        3     -0.102300066     -0.012179082    -0.069089674
    24       0        4     -0.266698653     -0.074124966    -0.004220859
    24       1        0     -0.000528514      0.004306600    -0.024634165
    24       1        1     -0.001448104      0.009166657    -0.039897894
    24       1        2     -0.003364840      0.014943979    -0.060161260
    24       1        3      0.040616110      0.030850644    -0.071520916
    24       1        4     -0.157253338     -0.034386841    -0.031862515
    24       2        0      0.000362900      0.000868594    -0.021104474
    24       2        1      0.000501879      0.003564980    -0.033679462
    24       2        2      0.000863312      0.006545437    -0.050347844
    24       2        3      0.011385492      0.012146705    -0.069230047
    24       2        4      0.074360498      0.020784789    -0.050210501
    24       3        0      0.000231935      0.001916789    -0.025018745
    24       3        1      0.000215500      0.005421209    -0.040530002
    24       3        2      0.001407302      0.009763737    -0.061063821
    24       3        3      0.072845270      0.030951324    -0.073236398
    24       3        4     -0.494234981     -0.123492079    -0.042903643
