 -0.715252463      0.728414640      0.708839441
 -0.680245514      0.700144420      0.736776107
 -0.420414835      0.459990707      0.906338673
 0.000000031      -0.000000036      1.016386364
 0.420414885      -0.459990758      0.906338647
 0.680245532      -0.700144436      0.736776092
 -0.624484942      1.032522406      1.325167308
 -0.593920472      0.989058031      1.357915728
 -0.367063027      0.637227732      1.554384679
 0.000000027      -0.000000049      1.679931818
 0.367063070      -0.637227804      1.554384649
 0.593920489      -0.989058054      1.357915711
 -0.551623412      1.253976360      1.979754787
 -0.524625040      1.198795379      2.013647280
 -0.324236095      0.763539631      2.215602167
 0.000000024      -0.000000058      2.343477273
 0.324236134      -0.763539719      2.215602136
 0.524625054      -1.198795408      2.013647262
 -0.479678643      1.396845311      2.662894827
 -0.456201498      1.333497496      2.695175339
 -0.281948023      0.842444492      2.886602321
 0.000000021      -0.000000064      3.007022727
 0.281948056      -0.842444590      2.886602292
 0.456201511      -1.333497530      2.695175322
 -0.387002647      1.375848516      3.402956309
 -0.368061389      1.311616847      3.428225784
 -0.227474441      0.821920198      3.577361873
 0.000000017      -0.000000062      3.670568182
 0.227474468      -0.821920294      3.577361850
 0.368061399      -1.311616882      3.428225771
 -0.181892831      0.766702540      4.265759982
 -0.172990361      0.729545291      4.272271606
 -0.106913920      0.452216030      4.310457246
 0.000000008      -0.000000034      4.334113636
 0.106913932      -0.452216084      4.310457241
 0.172990366      -0.729545311      4.272271603
