  Point                Ux            Uy              Uz
(Panel)  (Side)
   0       0     -0.187932474    -0.306492474     0.374640104
   0       1     -2.062133397    -1.487416286     1.090600289
   0       2     -1.711593482    -1.117244934     0.695209673
   0       3     -2.128593432    -1.493803790     1.168333124
   1       0     -0.607222984    -0.650078687     0.525585344
   1       1     -1.840942132    -1.496981116     0.641566745
   1       2     -1.615097963    -1.135655982     0.504063508
   1       3     -2.062133397    -1.487416286     1.090600289
   2       0     -0.548824092    -0.640514809     0.268034917
   2       1     -1.537042233    -1.232028007     0.014060891
   2       2     -1.301167256    -0.969696255     0.067071997
   2       3     -1.840942132    -1.496981116     0.641566745
   3       0     -0.606926128    -0.517150505     0.008557692
   3       1     -1.267494909    -0.757450207    -0.315216619
   3       2     -1.108175756    -0.652615960    -0.271825443
   3       3     -1.537042233    -1.232028007     0.014060891
   4       0     -0.614407161    -0.321131440    -0.096003372
   4       1     -0.719990576    -0.245255340    -0.202399883
   4       2     -0.794736854    -0.267582054    -0.306458716
   4       3     -1.267494909    -0.757450207    -0.315216619
   5       0     -1.711593482    -1.117244934     0.695209673
   5       1     -1.191678300    -0.773918391     0.300264188
   5       2     -1.211612381    -0.713538845     0.162810567
   5       3     -1.236345105    -0.786778886     0.338940978
   6       0     -1.615097963    -1.135655982     0.504063508
   6       1     -1.088907587    -0.726985547     0.074964623
   6       2     -1.174494006    -0.696754568     0.050371789
   6       3     -1.191678300    -0.773918391     0.300264188
   7       0     -1.301167256    -0.969696255     0.067071997
   7       1     -0.986452665    -0.549675786    -0.216371307
   7       2     -0.978443400    -0.547931626    -0.189076792
   7       3     -1.088907587    -0.726985547     0.074964623
   8       0     -1.108175756    -0.652615960    -0.271825443
   8       1     -0.902181457    -0.308130329    -0.345187306
   8       2     -0.864630418    -0.339828962    -0.353244290
   8       3     -0.986452665    -0.549675786    -0.216371307
   9       0     -0.794736854    -0.267582054    -0.306458716
   9       1     -0.580557929    -0.048890184    -0.278929140
   9       2     -0.655040998    -0.106589197    -0.361421114
   9       3     -0.902181457    -0.308130329    -0.345187306
  10       0     -1.211612381    -0.713538845     0.162810567
  10       1     -0.953323590    -0.554952044    -0.025088516
  10       2     -1.023498245    -0.533573026    -0.104140219
  10       3     -0.986343437    -0.569403643     0.000743995
  11       0     -1.174494006    -0.696754568     0.050371789
  11       1     -0.892982067    -0.488568600    -0.168180420
  11       2     -1.015574045    -0.508218440    -0.174474001
  11       3     -0.953323590    -0.554952044    -0.025088516
  12       0     -0.978443400    -0.547931626    -0.189076792
  12       1     -0.821738162    -0.341069854    -0.328759927
  12       2     -0.855519508    -0.378624933    -0.314752605
  12       3     -0.892982067    -0.488568600    -0.168180420
  13       0     -0.864630418    -0.339828962    -0.353244290
  13       1     -0.752372380    -0.164253523    -0.394529851
  13       2     -0.751031005    -0.214798939    -0.406131268
  13       3     -0.821738162    -0.341069854    -0.328759927
  14       0     -0.655040998    -0.106589197    -0.361421114
  14       1     -0.495598965     0.015621795    -0.352202942
  14       2     -0.573930734    -0.044311917    -0.408821504
  14       3     -0.752372380    -0.164253523    -0.394529851
  15       0     -1.023498245    -0.533573026    -0.104140219
  15       1     -0.940299889    -0.459181954    -0.213071378
  15       2     -0.974213003    -0.436429224    -0.272679452
  15       3     -0.970778200    -0.473519546    -0.196496194
  16       0     -1.015574045    -0.508218440    -0.174474001
  16       1     -0.880082248    -0.391232229    -0.302117154
  16       2     -0.946124754    -0.402642437    -0.314609989
  16       3     -0.940299889    -0.459181954    -0.213071378
  17       0     -0.855519508    -0.378624933    -0.314752605
  17       1     -0.780633216    -0.256154840    -0.399410846
  17       2     -0.770416141    -0.283020935    -0.395502254
  17       3     -0.880082248    -0.391232229    -0.302117154
  18       0     -0.751031005    -0.214798939    -0.406131268
  18       1     -0.674996278    -0.103124508    -0.437608601
  18       2     -0.668527127    -0.152965495    -0.446132510
  18       3     -0.780633216    -0.256154840    -0.399410846
  19       0     -0.573930734    -0.044311917    -0.408821504
  19       1     -0.399779821     0.048492589    -0.408221648
  19       2     -0.541586921    -0.032693875    -0.442849067
  19       3     -0.674996278    -0.103124508    -0.437608601
  20       0     -0.974213003    -0.436429224    -0.272679452
  20       1     -0.998556475    -0.375308055    -0.335777961
  20       2     -0.724205627    -0.262387813    -0.376393870
  20       3     -1.047297352    -0.392678088    -0.326782930
  21       0     -0.946124754    -0.402642437    -0.314609989
  21       1     -0.930834676    -0.318978249    -0.381150022
  21       2     -0.592152912    -0.217019771    -0.393073001
  21       3     -0.998556475    -0.375308055    -0.335777961
  22       0     -0.770416141    -0.283020935    -0.395502254
  22       1     -0.753854968    -0.205277288    -0.436200516
  22       2     -0.379284160    -0.131218195    -0.419601938
  22       3     -0.930834676    -0.318978249    -0.381150022
  23       0     -0.668527127    -0.152965495    -0.446132510
  23       1     -0.534224628    -0.077167521    -0.456347316
  23       2     -0.220027637    -0.046663238    -0.429810781
  23       3     -0.753854968    -0.205277288    -0.436200516
  24       0     -0.541586921    -0.032693875    -0.442849067
  24       1     -0.152981972     0.066565275    -0.434523044
  24       2      0.122202066     0.070851116    -0.412857817
  24       3     -0.534224628    -0.077167521    -0.456347316
