-0.619357080      0.778886830      0.652975150
-0.589043585      0.750280706      0.685653049
-0.364048944      0.499012779      0.885453266
0.000000027      -0.000000038      1.016386364
0.364048988      -0.499012833      0.885453236
0.589043601      -0.750280722      0.685653031
-0.543417142      1.065162906      1.299076171
-0.516820412      1.020902998      1.334139417
-0.319412570      0.659885567      1.544901923
0.000000023      -0.000000050      1.679931818
0.319412608      -0.659885641      1.544901891
0.516820427      -1.020903022      1.334139398
-0.506398234      1.269111412      1.970086788
-0.481613339      1.213439885      2.004856447
-0.297653403      0.773512126      2.212140303
0.000000022      -0.000000058      2.343477273
0.297653438      -0.773512215      2.212140272
0.481613352      -1.213439916      2.004856429
-0.447891575      1.405793118      2.658181971
-0.425970199      1.342111310      2.690896303
-0.263264053      0.848149112      2.884931328
0.000000019      -0.000000063      3.007022727
0.263264084      -0.848149210      2.884931299
0.425970211      -1.342111345      2.690896286
-0.359558970      1.382562872      3.400233916
-0.341960900      1.318050255      3.425757479
-0.211343452      0.826070169      3.576405857
0.000000016      -0.000000061      3.670568182
0.211343477      -0.826070265      3.576405835
0.341960910      -1.318050290      3.425757465
-0.173210626      0.768668398      4.265406183
-0.164733094      0.731417795      4.271951430
-0.101810648      0.453383672      4.310334588
0.000000007      -0.000000033      4.334113636
0.101810660      -0.453383726      4.310334582
0.164733099      -0.731417815      4.271951427
